DATE,tests,pos,neg,indet,cum_test,cum_pos_t,cum_neg_t,cum_in_t
3/1/2020,2,0,2,0,2,0,2,0
3/2/2020,2,0,2,0,4,0,4,0
3/3/2020,8,2,6,0,12,2,10,0
3/4/2020,12,0,12,0,24,2,22,0
3/5/2020,23,6,17,0,47,8,39,0
3/6/2020,21,1,20,0,68,9,59,0
3/7/2020,23,6,17,0,91,15,76,0
3/8/2020,12,3,9,0,103,18,85,0
3/9/2020,63,4,59,0,166,22,144,0
3/10/2020,91,7,84,0,257,29,228,0
3/11/2020,90,12,77,1,347,41,305,1
3/12/2020,192,9,183,0,539,50,488,1
3/13/2020,253,18,235,0,792,68,723,1
3/14/2020,153,10,143,0,945,78,866,1
3/15/2020,151,11,139,1,1096,89,1005,2
3/16/2020,318,42,274,2,1414,131,1279,4
3/17/2020,339,30,309,0,1753,161,1588,4
3/18/2020,326,26,299,1,2079,187,1887,5
3/19/2020,295,22,273,0,2374,209,2160,5
3/20/2020,321,38,282,1,2695,247,2442,6
3/21/2020,170,17,153,0,2865,264,2595,6
3/22/2020,143,28,115,0,3008,292,2710,6
3/23/2020,348,37,311,0,3356,329,3021,6
3/24/2020,353,48,304,1,3709,377,3325,7
3/25/2020,412,51,359,2,4121,428,3684,9
3/26/2020,418,44,374,0,4539,472,4058,9
3/27/2020,496,36,459,1,5035,508,4517,10
3/28/2020,306,22,284,0,5341,530,4801,10
3/29/2020,161,16,142,3,5502,546,4943,13
3/30/2020,397,46,350,1,5899,592,5293,14
3/31/2020,397,59,338,0,6296,651,5631,14
4/1/2020,415,44,369,2,6711,695,6000,16
4/2/2020,440,45,392,3,7151,740,6392,19
4/3/2020,410,31,379,0,7561,771,6771,19
4/4/2020,233,20,213,0,7794,791,6984,19
4/5/2020,271,37,234,0,8065,828,7218,19
4/6/2020,478,63,414,1,8543,891,7632,20
4/7/2020,492,66,426,0,9035,957,8058,20
4/8/2020,514,80,434,0,9549,1037,8492,20
4/9/2020,602,87,513,2,10151,1124,9005,22
4/10/2020,563,43,520,0,10714,1167,9525,22
4/11/2020,310,54,256,0,11024,1221,9781,22
4/12/2020,196,31,165,0,11220,1252,9946,22
4/13/2020,476,44,431,1,11696,1296,10377,23
4/14/2020,568,63,505,0,12264,1359,10882,23
4/15/2020,543,71,472,0,12807,1430,11354,23
4/16/2020,569,65,502,2,13376,1495,11856,25
4/17/2020,603,59,541,3,13979,1554,12397,28
4/18/2020,287,21,264,2,14266,1575,12661,30
4/19/2020,300,45,255,0,14566,1620,12916,30
4/20/2020,677,62,615,0,15243,1682,13531,30
4/21/2020,648,51,595,2,15891,1733,14126,32
4/22/2020,940,51,888,1,16831,1784,15014,33
4/23/2020,1199,65,1129,5,18030,1849,16143,38
4/24/2020,1338,69,1265,4,19368,1918,17408,42
4/25/2020,1872,61,1810,1,21240,1979,19218,43
4/26/2020,1439,40,1398,1,22679,2019,20616,44
4/27/2020,1943,68,1871,4,24622,2087,22487,48
4/28/2020,2930,93,2827,10,27552,2180,25314,58
4/29/2020,1401,98,1292,11,28953,2278,26606,69
4/30/2020,1234,51,1183,0,30187,2329,27789,69
5/1/2020,1442,52,1388,2,31629,2381,29177,71
5/2/2020,963,56,906,1,32592,2437,30083,72
5/3/2020,432,20,412,0,33024,2457,30495,72
5/4/2020,1164,67,1095,2,34188,2524,31590,74
5/5/2020,1385,62,1322,1,35573,2586,32912,75
5/6/2020,1593,54,1537,2,37166,2640,34449,77
5/7/2020,1759,37,1719,3,38925,2677,36168,80
5/8/2020,1799,38,1753,8,40724,2715,37921,88
5/9/2020,883,17,861,5,41607,2732,38782,93
5/10/2020,571,13,555,3,42178,2745,39337,96
5/11/2020,1611,39,1567,5,43789,2784,40904,101
5/12/2020,1760,67,1688,5,45549,2851,42592,106
5/13/2020,1598,48,1548,2,47147,2899,44140,108
5/14/2020,1836,43,1791,2,48983,2942,45931,110
5/15/2020,1752,50,1701,1,50735,2992,47632,111
5/16/2020,831,11,820,0,51566,3003,48452,111
5/17/2020,442,14,428,0,52008,3017,48880,111
5/18/2020,2091,59,2031,1,54099,3076,50911,112
5/19/2020,1749,49,1693,7,55848,3125,52604,119
5/20/2020,1970,50,1919,1,57818,3175,54523,120
5/21/2020,2416,34,2381,1,60234,3209,56904,121
5/22/2020,2449,46,2402,1,62683,3255,59306,122
5/23/2020,1314,22,1291,1,63997,3277,60597,123
5/24/2020,902,12,888,2,64899,3289,61485,125
5/25/2020,697,13,684,0,65596,3302,62169,125
5/26/2020,2242,57,2183,2,67838,3359,64352,127
5/27/2020,2225,46,2178,1,70063,3405,66530,128
5/28/2020,2353,32,2321,0,72416,3437,68851,128
5/29/2020,2575,45,2523,7,74991,3482,71374,135
5/30/2020,1638,29,1606,3,76629,3511,72980,138
5/31/2020,1470,32,1437,1,78099,3543,74417,139
6/1/2020,2593,44,2546,3,80692,3587,76963,142
6/2/2020,2842,57,2782,3,83534,3644,79745,145
6/3/2020,2370,36,2332,2,85904,3680,82077,147
6/4/2020,2573,49,2521,3,88477,3729,84598,150
6/5/2020,2590,38,2550,2,91067,3767,87148,152
6/6/2020,1888,20,1867,1,92955,3787,89015,153
6/7/2020,1932,23,1908,1,94887,3810,90923,154
6/8/2020,3291,41,3250,0,98178,3851,94173,154
6/9/2020,3609,43,3566,0,101787,3894,97739,154
6/10/2020,3111,21,3090,0,104898,3915,100829,154
6/11/2020,3544,33,3510,1,108442,3948,104339,155
6/12/2020,3355,39,3306,10,111797,3987,107645,165
6/13/2020,1950,26,1924,0,113747,4013,109569,165
6/14/2020,1548,17,1531,0,115295,4030,111100,165
6/15/2020,3505,39,3466,0,118800,4069,114566,165
6/16/2020,3109,55,3053,1,121909,4124,117619,166
6/17/2020,3708,65,3642,1,125617,4189,121261,167
6/18/2020,3986,54,3931,1,129603,4243,125192,168
6/19/2020,3494,55,3438,1,133097,4298,128630,169
6/20/2020,1673,56,1617,0,134770,4354,130247,169
6/21/2020,1336,39,1297,0,136106,4393,131544,169
6/22/2020,3532,121,3407,4,139638,4514,134951,173
6/23/2020,3632,92,3517,23,143270,4606,138468,196
6/24/2020,3988,76,3912,0,147258,4682,142380,196
6/25/2020,4107,85,4022,0,151365,4767,146402,196
6/26/2020,4024,82,3940,2,155389,4849,150342,198
6/27/2020,2199,64,2135,0,157588,4913,152477,198
6/28/2020,2287,42,2245,0,159875,4955,154722,198
6/29/2020,4015,93,3907,15,163890,5048,158629,213
6/30/2020,4318,112,4204,2,168208,5160,162833,215
7/1/2020,3972,100,3869,3,172180,5260,166702,218
7/2/2020,4292,130,4162,0,176472,5390,170864,218
7/3/2020,2785,116,2665,4,179257,5506,173529,222
7/4/2020,773,29,744,0,180030,5535,174273,222
7/5/2020,2158,63,2095,0,182188,5598,176368,222
7/6/2020,4491,108,4382,1,186679,5706,180750,223
7/7/2020,4661,118,4538,5,191340,5824,185288,228
7/8/2020,4562,145,4417,0,195902,5969,189705,228
7/9/2020,4509,134,4374,1,200411,6103,194079,229
7/10/2020,4574,152,4418,4,204985,6255,198497,233
7/11/2020,2470,77,2392,1,207455,6332,200889,234
7/12/2020,2192,81,2111,0,209647,6413,203000,234
7/13/2020,5083,173,4910,0,214730,6586,207910,234
7/14/2020,5414,185,5228,1,220144,6771,213138,235
7/15/2020,5081,179,4897,5,225225,6950,218035,240
7/16/2020,5597,185,5411,1,230822,7135,223446,241
7/17/2020,4257,175,4079,3,235079,7310,227525,244
7/18/2020,2489,90,2398,1,237568,7400,229923,245
7/19/2020,1891,95,1796,0,239459,7495,231719,245
7/20/2020,5182,182,4999,1,244641,7677,236718,246
7/21/2020,5088,158,4925,5,249729,7835,241643,251
7/22/2020,4859,151,4707,1,254588,7986,246350,252
7/23/2020,4664,167,4495,2,259252,8153,250845,254
7/24/2020,4437,151,4282,4,263689,8304,255127,258
7/25/2020,2476,108,2365,3,266165,8412,257492,261
7/26/2020,2240,80,2156,4,268405,8492,259648,265
7/27/2020,5125,125,5000,0,273530,8617,264648,265
7/28/2020,4639,120,4517,2,278169,8737,269165,267
7/29/2020,4890,175,4706,9,283059,8912,273871,276
7/30/2020,4718,160,4550,8,287777,9072,278421,284
7/31/2020,4851,156,4688,7,292628,9228,283109,291
8/1/2020,2714,99,2612,3,295342,9327,285721,294
8/2/2020,2252,64,2181,7,297594,9391,287902,301
8/3/2020,5226,137,5078,11,302820,9528,292980,312
8/4/2020,4807,111,4686,10,307627,9639,297666,322
8/5/2020,4743,165,4574,4,312370,9804,302240,326
8/6/2020,4632,124,4499,9,317002,9928,306739,335
8/7/2020,4718,153,4559,6,321720,10081,311298,341
8/8/2020,2367,74,2288,5,324087,10155,313586,346
8/9/2020,2110,76,2030,4,326197,10231,315616,350
8/10/2020,4997,122,4857,18,331194,10353,320473,368
8/11/2020,4983,127,4839,17,336177,10480,325312,385
8/12/2020,5313,166,5128,19,341490,10646,330440,404
8/13/2020,4871,129,4727,15,346361,10775,335167,419
8/14/2020,4653,138,4510,5,351014,10913,339677,424
8/15/2020,2361,82,2273,6,353375,10995,341950,430
8/16/2020,1977,46,1928,3,355352,11041,343878,433
8/17/2020,4751,107,4630,14,360103,11148,348508,447
8/18/2020,5110,102,4986,22,365213,11250,353494,469
8/19/2020,4706,114,4564,28,369919,11364,358058,497
8/20/2020,4428,99,4322,7,374347,11463,362380,504
8/21/2020,4420,96,4295,29,378767,11559,366675,533
8/22/2020,2431,54,2370,7,381198,11613,369045,540
8/23/2020,1388,49,1338,1,382586,11662,370383,541
8/24/2020,4358,109,4247,2,386944,11771,374630,543
8/25/2020,4442,100,4333,9,391386,11871,378963,552
8/26/2020,5273,113,5141,19,396659,11984,384104,571
8/27/2020,4836,115,4701,20,401495,12099,388805,591
8/28/2020,4382,86,4276,20,405877,12185,393081,611
8/29/2020,2516,55,2446,15,408393,12240,395527,626
8/30/2020,2227,43,2135,49,410620,12283,397662,675
8/31/2020,5250,107,5123,20,415870,12390,402785,695
9/1/2020,4802,98,4666,38,420672,12488,407451,733
9/2/2020,4896,101,4779,16,425568,12589,412230,749
9/3/2020,4579,111,4458,10,430147,12700,416688,759
9/4/2020,4438,87,4305,46,434585,12787,420993,805
9/5/2020,2358,42,2311,5,436943,12829,423304,810
9/6/2020,2011,34,1968,9,438954,12863,425272,819
9/7/2020,1361,64,1289,8,440315,12927,426561,827
9/8/2020,5325,88,5226,11,445640,13015,431787,838
9/9/2020,5104,84,5015,5,450744,13099,436802,843
9/10/2020,4794,70,4715,9,455538,13169,441517,852
9/11/2020,4068,129,3930,9,459606,13298,445447,861
9/12/2020,2347,59,2279,9,461953,13357,447726,870
9/13/2020,2007,29,1971,7,463960,13386,449697,877
9/14/2020,4596,110,4482,4,468556,13496,454179,881
9/15/2020,5167,100,5058,9,473723,13596,459237,890
9/16/2020,4877,87,4779,11,478600,13683,464016,901
9/17/2020,5047,68,4975,4,483647,13751,468991,905
9/18/2020,4894,109,4781,4,488541,13860,473772,909
9/19/2020,2333,47,2281,5,490874,13907,476053,914
9/20/2020,2017,31,1982,4,492891,13938,478035,918
9/21/2020,5411,66,5339,6,498302,14004,483374,924
9/22/2020,5454,62,5386,6,503756,14066,488760,930
9/23/2020,5921,83,5824,14,509677,14149,494584,944
9/24/2020,5587,89,5491,7,515264,14238,500075,951
9/25/2020,5045,65,4974,6,520309,14303,505049,957
9/26/2020,2778,32,2745,1,523087,14335,507794,958
9/27/2020,2415,39,2372,4,525502,14374,510166,962
9/28/2020,5656,62,5588,6,531158,14436,515754,968
9/29/2020,5475,59,5412,4,536633,14495,521166,972
9/30/2020,5969,63,5899,7,542602,14558,527065,979
10/1/2020,5794,54,5739,1,548396,14612,532804,980
10/2/2020,5514,38,5475,1,553910,14650,538279,981
10/3/2020,2955,27,2926,2,556865,14677,541205,983
10/4/2020,2308,19,2287,2,559173,14696,543492,985
10/5/2020,6537,40,6456,41,565710,14736,549948,1026
10/6/2020,6471,50,6414,7,572181,14786,556362,1033
10/7/2020,6575,57,6513,5,578756,14843,562875,1038
10/8/2020,6541,54,6484,3,585297,14897,569359,1041
10/9/2020,6159,48,6109,2,591456,14945,575468,1043
10/10/2020,3324,24,3298,2,594780,14969,578766,1045
10/11/2020,2757,24,2732,1,597537,14993,581498,1046
10/12/2020,5632,56,5571,5,603169,15049,587069,1051
10/13/2020,6492,50,6437,5,609661,15099,593506,1056
10/14/2020,6375,39,6333,3,616036,15138,599839,1059
10/15/2020,6226,51,6174,1,622262,15189,606013,1060
10/16/2020,5408,53,5353,2,627670,15242,611366,1062
10/17/2020,2696,30,2653,13,630366,15272,614019,1075
10/18/2020,2448,16,2422,10,632814,15288,616441,1085
10/19/2020,6679,51,6598,30,639493,15339,623039,1115
10/20/2020,6597,48,6548,1,646090,15387,629587,1116
10/21/2020,6412,37,6373,2,652502,15424,635960,1118
10/22/2020,6457,75,6380,2,658959,15499,642340,1120
10/23/2020,5618,69,5547,2,664577,15568,647887,1122
10/24/2020,2990,43,2944,3,667567,15611,650831,1125
10/25/2020,2443,49,2391,3,670010,15660,653222,1128
10/26/2020,6947,67,6878,2,676957,15727,660100,1130
10/27/2020,7038,84,6950,4,683995,15811,667050,1134
10/28/2020,7204,75,7126,3,691199,15886,674176,1137
10/29/2020,7049,59,6987,3,698248,15945,681163,1140
10/30/2020,6538,70,6466,2,704786,16015,687629,1142
10/31/2020,2918,71,2846,1,707704,16086,690475,1143
11/1/2020,2472,37,2432,3,710176,16123,692907,1146
11/2/2020,7540,117,7417,6,717716,16240,700324,1152
11/3/2020,6912,109,6802,1,724628,16349,707126,1153
11/4/2020,7319,142,7167,10,731947,16491,714293,1163
11/5/2020,7281,150,7124,7,739228,16641,721417,1170
11/6/2020,6467,131,6331,5,745695,16772,727748,1175
11/7/2020,3351,79,3269,3,749046,16851,731017,1178
11/8/2020,2901,46,2854,1,751947,16897,733871,1179
11/9/2020,7885,161,7720,4,759832,17058,741591,1183
11/10/2020,8242,140,8092,10,768074,17198,749683,1193
11/11/2020,6000,120,5872,8,774074,17318,755555,1201
11/12/2020,7521,171,7335,15,781595,17489,762890,1216
11/13/2020,6593,138,6451,4,788188,17627,769341,1220
11/14/2020,4031,96,3931,4,792219,17723,773272,1224
11/15/2020,3447,77,3369,1,795666,17800,776641,1225
11/16/2020,8524,212,8306,6,804190,18012,784947,1231
11/17/2020,10016,184,9818,14,814206,18196,794765,1245
11/18/2020,9716,206,9496,14,823922,18402,804261,1259
11/19/2020,10239,215,10005,19,834161,18617,814266,1278
11/20/2020,9952,195,9748,9,844113,18812,824014,1287
11/21/2020,5081,114,4962,5,849194,18926,828976,1292
11/22/2020,5112,96,5010,6,854306,19022,833986,1298
11/23/2020,11635,215,11406,14,865941,19237,845392,1312
11/24/2020,11329,225,11088,16,877270,19462,856480,1328
11/25/2020,6917,192,6719,6,884187,19654,863199,1334
11/26/2020,1379,61,1318,0,885566,19715,864517,1334
11/27/2020,3698,145,3545,8,889264,19860,868062,1342
11/28/2020,4396,140,4249,7,893660,20000,872311,1349
11/29/2020,4942,172,4765,5,898602,20172,877076,1354
11/30/2020,11165,321,10830,14,909767,20493,887906,1368
12/1/2020,11708,363,11327,18,921475,20856,899233,1386
12/2/2020,9514,344,9155,15,930989,21200,908388,1401
12/3/2020,9801,356,9432,13,940790,21556,917820,1414
12/4/2020,9023,285,8729,9,949813,21841,926549,1423
12/5/2020,4816,180,4627,9,954629,22021,931176,1432
12/6/2020,3845,142,3699,4,958474,22163,934875,1436
12/7/2020,10418,385,10017,16,968892,22548,944892,1452
12/8/2020,9778,367,9390,21,978670,22915,954282,1473
12/9/2020,10079,365,9696,18,988749,23280,963978,1491
12/10/2020,9944,396,9530,18,998693,23676,973508,1509
12/11/2020,8877,398,8454,25,1007570,24074,981962,1534
12/12/2020,5144,245,4874,25,1012714,24319,986836,1559
12/13/2020,3843,162,3675,6,1016557,24481,990511,1565
12/14/2020,10279,441,9806,32,1026836,24922,1000317,1597
12/15/2020,10674,454,10203,17,1037510,25376,1010520,1614
12/16/2020,11152,454,10678,20,1048662,25830,1021198,1634
12/17/2020,11392,389,10988,15,1060054,26219,1032186,1649
12/18/2020,10114,386,9713,15,1070168,26605,1041899,1664
12/19/2020,5657,177,5471,9,1075825,26782,1047370,1673
12/20/2020,4652,135,4511,6,1080477,26917,1051881,1679
12/21/2020,11911,419,11465,27,1092388,27336,1063346,1706
12/22/2020,11238,402,10819,17,1103626,27738,1074165,1723
12/23/2020,10950,381,10544,25,1114576,28119,1084709,1748
12/24/2020,6260,287,5966,7,1120836,28406,1090675,1755
12/25/2020,1285,95,1186,4,1122121,28501,1091861,1759
12/26/2020,4669,278,4376,15,1126790,28779,1096237,1774
12/27/2020,4188,204,3973,11,1130978,28983,1100210,1785
12/28/2020,9915,489,9414,12,1140893,29472,1109624,1797
12/29/2020,10007,524,9464,19,1150900,29996,1119088,1816
12/30/2020,9278,456,8800,22,1160178,30452,1127888,1838
12/31/2020,6216,345,5860,11,1166394,30797,1133748,1849
1/1/2021,1876,95,1776,5,1168270,30892,1135524,1854
1/2/2021,5367,302,5056,9,1173637,31194,1140580,1863
1/3/2021,4544,222,4317,5,1178181,31416,1144897,1868
1/4/2021,11639,655,10964,20,1189820,32071,1155861,1888
1/5/2021,11022,529,10470,23,1200842,32600,1166331,1911
1/6/2021,11393,459,10921,13,1212235,33059,1177252,1924
1/7/2021,11027,534,10467,26,1223262,33593,1187719,1950
1/8/2021,10023,450,9559,14,1233285,34043,1197278,1964
1/9/2021,4915,274,4634,7,1238200,34317,1201912,1971
1/10/2021,4063,176,3880,7,1242263,34493,1205792,1978
1/11/2021,11728,521,11182,25,1253991,35014,1216974,2003
1/12/2021,10029,392,9617,20,1264020,35406,1226591,2023
1/13/2021,9677,380,9284,13,1273697,35786,1235875,2036
1/14/2021,10033,411,9611,11,1283730,36197,1245486,2047
1/15/2021,8484,400,8070,14,1292214,36597,1253556,2061
1/16/2021,4406,217,4184,5,1296620,36814,1257740,2066
1/17/2021,3492,148,3336,8,1300112,36962,1261076,2074
1/18/2021,5894,236,5638,20,1306006,37198,1266714,2094
1/19/2021,8917,277,8626,14,1314923,37475,1275340,2108
1/20/2021,9283,286,8987,10,1324206,37761,1284327,2118
1/21/2021,9427,287,9131,9,1333633,38048,1293458,2127
1/22/2021,8329,260,8056,13,1341962,38308,1301514,2140
1/23/2021,3678,156,3514,8,1345640,38464,1305028,2148
1/24/2021,3072,121,2943,8,1348712,38585,1307971,2156
1/25/2021,8130,258,7863,9,1356842,38843,1315834,2165
1/26/2021,7681,203,7473,5,1364523,39046,1323307,2170
1/27/2021,6786,179,6592,15,1371309,39225,1329899,2185
1/28/2021,7786,187,7582,17,1379095,39412,1337481,2202
1/29/2021,7053,194,6849,10,1386148,39606,1344330,2212
1/30/2021,3398,179,3214,5,1389546,39785,1347544,2217
1/31/2021,2246,115,2124,7,1391792,39900,1349668,2224
2/1/2021,7664,225,7431,8,1399456,40125,1357099,2232
2/2/2021,8554,181,8364,9,1408010,40306,1365463,2241
2/3/2021,8484,221,8254,9,1416494,40527,1373717,2250
2/4/2021,7864,223,7623,18,1424358,40750,1381340,2268
2/5/2021,6899,195,6696,8,1431257,40945,1388036,2276
2/6/2021,3220,104,3104,12,1434477,41049,1391140,2288
2/7/2021,2358,87,2265,6,1436835,41136,1393405,2294
2/8/2021,8211,166,8031,14,1445046,41302,1401436,2308
2/9/2021,8203,148,8046,9,1453249,41450,1409482,2317
2/10/2021,8421,147,8263,11,1461670,41597,1417745,2328
2/11/2021,7360,142,7204,14,1469030,41739,1424949,2342
2/12/2021,6511,132,6374,5,1475541,41871,1431323,2347
2/13/2021,3158,62,3092,4,1478699,41933,1434415,2351
2/14/2021,2188,55,2133,0,1480887,41988,1436548,2351
2/15/2021,4469,98,4368,3,1485356,42086,1440916,2354
2/16/2021,8245,108,8130,7,1493601,42194,1449046,2361
2/17/2021,8044,112,7927,5,1501645,42306,1456973,2366
2/18/2021,7524,118,7402,4,1509169,42424,1464375,2370
2/19/2021,6615,80,6532,3,1515784,42504,1470907,2373
2/20/2021,3109,63,3043,3,1518893,42567,1473950,2376
2/21/2021,2298,42,2254,2,1521191,42609,1476204,2378
2/22/2021,7831,110,7711,10,1529022,42719,1483915,2388
2/23/2021,7751,96,7648,7,1536773,42815,1491563,2395
2/24/2021,8146,83,8052,11,1544919,42898,1499615,2406
2/25/2021,7172,86,7080,6,1552091,42984,1506695,2412
2/26/2021,6411,73,6332,6,1558502,43057,1513027,2418
2/27/2021,2850,33,2815,2,1561352,43090,1515842,2420
2/28/2021,2130,36,2089,5,1563482,43126,1517931,2425
3/1/2021,7478,66,7404,8,1570960,43192,1525335,2433
3/2/2021,7481,63,7413,5,1578441,43255,1532748,2438
3/3/2021,7800,58,7733,9,1586241,43313,1540481,2447
3/4/2021,7066,43,7021,2,1593307,43356,1547502,2449
3/5/2021,6046,51,5990,5,1599353,43407,1553492,2454
3/6/2021,2385,41,2340,4,1601738,43448,1555832,2458
3/7/2021,2007,30,1976,1,1603745,43478,1557808,2459
3/8/2021,7374,64,7305,5,1611119,43542,1565113,2464
3/9/2021,7305,50,7250,5,1618424,43592,1572363,2469
3/10/2021,7213,37,7165,11,1625637,43629,1579528,2480
3/11/2021,6071,49,6019,3,1631708,43678,1585547,2483
3/12/2021,5556,65,5487,4,1637264,43743,1591034,2487
3/13/2021,2464,32,2428,4,1639728,43775,1593462,2491
3/14/2021,2027,21,2005,1,1641755,43796,1595467,2492
3/15/2021,6632,50,6578,4,1648387,43846,1602045,2496
3/16/2021,6715,33,6679,3,1655102,43879,1608724,2499
3/17/2021,6719,48,6669,2,1661821,43927,1615393,2501
3/18/2021,5668,45,5619,4,1667489,43972,1621012,2505
3/19/2021,6227,67,6156,4,1673716,44039,1627168,2509
3/20/2021,2426,41,2384,1,1676142,44080,1629552,2510
3/21/2021,2051,26,2024,1,1678193,44106,1631576,2511
3/22/2021,7391,56,7333,2,1685584,44162,1638909,2513
3/23/2021,7538,53,7483,2,1693122,44215,1646392,2515
3/24/2021,7332,68,7257,7,1700454,44283,1653649,2522
3/25/2021,6286,62,6216,8,1706740,44345,1659865,2530
3/26/2021,5689,58,5629,2,1712429,44403,1665494,2532
3/27/2021,2636,31,2600,5,1715065,44434,1668094,2537
3/28/2021,1990,23,1967,0,1717055,44457,1670061,2537
3/29/2021,6971,67,6901,3,1724026,44524,1676962,2540
3/30/2021,7147,43,7103,1,1731173,44567,1684065,2541
3/31/2021,6104,67,6034,3,1737277,44634,1690099,2544
4/1/2021,5785,61,5715,9,1743062,44695,1695814,2553
4/2/2021,5474,43,5431,0,1748536,44738,1701245,2553
4/3/2021,2335,35,2299,1,1750871,44773,1703544,2554
4/4/2021,1474,14,1460,0,1752345,44787,1705004,2554
4/5/2021,6369,74,6291,4,1758714,44861,1711295,2558
4/6/2021,6315,44,6268,3,1765029,44905,1717563,2561
4/7/2021,6300,63,6233,4,1771329,44968,1723796,2565
4/8/2021,5833,61,5771,1,1777162,45029,1729567,2566
4/9/2021,5663,49,5611,3,1782825,45078,1735178,2569
4/10/2021,2408,45,2359,4,1785233,45123,1737537,2573
4/11/2021,1893,20,1872,1,1787126,45143,1739409,2574
4/12/2021,8014,58,7949,7,1795140,45201,1747358,2581
4/13/2021,7127,52,7072,3,1802267,45253,1754430,2584
4/14/2021,6297,68,6228,1,1808564,45321,1760658,2585
4/15/2021,5503,59,5441,3,1814067,45380,1766099,2588
4/16/2021,5380,37,5343,0,1819447,45417,1771442,2588
4/17/2021,2120,36,2083,1,1821567,45453,1773525,2589
4/18/2021,1689,21,1668,0,1823256,45474,1775193,2589
4/19/2021,6971,43,6924,4,1830227,45517,1782117,2593
4/20/2021,6224,45,6177,2,1836451,45562,1788294,2595
4/21/2021,5960,34,5923,3,1842411,45596,1794217,2598
4/22/2021,6009,36,5972,1,1848420,45632,1800189,2599
4/23/2021,5557,30,5520,7,1853977,45662,1805709,2606
4/24/2021,2361,21,2340,0,1856338,45683,1808049,2606
4/25/2021,2046,21,2024,1,1858384,45704,1810073,2607
4/26/2021,7553,49,7502,2,1865937,45753,1817575,2609
4/27/2021,6559,27,6531,1,1872496,45780,1824106,2610
4/28/2021,6072,42,6025,5,1878568,45822,1830131,2615
4/29/2021,5592,50,5537,5,1884160,45872,1835668,2620
4/30/2021,5344,46,5294,4,1889504,45918,1840962,2624
5/1/2021,1803,26,1777,0,1891307,45944,1842739,2624
5/2/2021,1536,15,1520,1,1892843,45959,1844259,2625
5/3/2021,6456,34,6421,1,1899299,45993,1850680,2626
5/4/2021,6075,39,6033,3,1905374,46032,1856713,2629
5/5/2021,5836,27,5805,4,1911210,46059,1862518,2633
5/6/2021,5454,30,5424,0,1916664,46089,1867942,2633
5/7/2021,5411,29,5381,1,1922075,46118,1873323,2634
5/8/2021,2251,21,2230,0,1924326,46139,1875553,2634
5/9/2021,1599,24,1575,0,1925925,46163,1877128,2634
5/10/2021,6511,16,6491,4,1932436,46179,1883619,2638
5/11/2021,6077,33,6041,3,1938513,46212,1889660,2641
5/12/2021,4535,28,4503,4,1943048,46240,1894163,2645
5/13/2021,4747,29,4716,2,1947795,46269,1898879,2647
5/14/2021,4181,22,4157,2,1951976,46291,1903036,2649
5/15/2021,1750,9,1741,0,1953726,46300,1904777,2649
5/16/2021,1714,12,1700,2,1955440,46312,1906477,2651
5/17/2021,5378,22,5352,4,1960818,46334,1911829,2655
5/18/2021,4688,24,4663,1,1965506,46358,1916492,2656
5/19/2021,4778,29,4748,1,1970284,46387,1921240,2657
5/20/2021,4411,30,4381,0,1974695,46417,1925621,2657
5/21/2021,4201,21,4177,3,1978896,46438,1929798,2660
5/22/2021,1779,12,1766,1,1980675,46450,1931564,2661
5/23/2021,1488,12,1476,0,1982163,46462,1933040,2661
5/24/2021,4856,20,4831,5,1987019,46482,1937871,2666
5/25/2021,4908,24,4882,2,1991927,46506,1942753,2668
5/26/2021,4286,25,4261,0,1996213,46531,1947014,2668
5/27/2021,3849,16,3832,1,2000062,46547,1950846,2669
5/28/2021,3806,15,3791,0,2003868,46562,1954637,2669
5/29/2021,1724,9,1715,0,2005592,46571,1956352,2669
5/30/2021,1464,14,1449,1,2007056,46585,1957801,2670
5/31/2021,1976,14,1962,0,2009032,46599,1959763,2670
6/1/2021,5109,32,5076,1,2014141,46631,1964839,2671
6/2/2021,4763,24,4736,3,2018904,46655,1969575,2674
6/3/2021,3846,26,3819,1,2022750,46681,1973394,2675
6/4/2021,3451,18,3433,0,2026201,46699,1976827,2675
6/5/2021,1718,11,1707,0,2027919,46710,1978534,2675
6/6/2021,1567,11,1556,0,2029486,46721,1980090,2675
6/7/2021,4071,19,4050,2,2033557,46740,1984140,2677
6/8/2021,3896,18,3875,3,2037453,46758,1988015,2680
6/9/2021,4050,17,4032,1,2041503,46775,1992047,2681
6/10/2021,3373,20,3352,1,2044876,46795,1995399,2682
6/11/2021,3338,14,3323,1,2048214,46809,1998722,2683
6/12/2021,1832,11,1821,0,2050046,46820,2000543,2683
6/13/2021,1556,7,1549,0,2051602,46827,2002092,2683
6/14/2021,3826,19,3805,2,2055428,46846,2005897,2685
6/15/2021,3562,14,3546,2,2058990,46860,2009443,2687
6/16/2021,3470,17,3453,0,2062460,46877,2012896,2687
6/17/2021,3178,21,3156,1,2065638,46898,2016052,2688
6/18/2021,3005,13,2990,2,2068643,46911,2019042,2690
6/19/2021,1586,7,1579,0,2070229,46918,2020621,2690
6/20/2021,1193,9,1184,0,2071422,46927,2021805,2690
6/21/2021,3685,26,3658,1,2075107,46953,2025463,2691
6/22/2021,3143,19,3124,0,2078250,46972,2028587,2691
6/23/2021,3333,24,3309,0,2081583,46996,2031896,2691
6/24/2021,3052,25,3027,0,2084635,47021,2034923,2691
6/25/2021,2675,14,2660,1,2087310,47035,2037583,2692
6/26/2021,1650,19,1631,0,2088960,47054,2039214,2692
6/27/2021,1324,10,1314,0,2090284,47064,2040528,2692
6/28/2021,3680,40,3639,1,2093964,47104,2044167,2693
6/29/2021,3689,50,3636,3,2097653,47154,2047803,2696
6/30/2021,3680,48,3631,1,2101333,47202,2051434,2697
7/1/2021,3540,50,3488,2,2104873,47252,2054922,2699
7/2/2021,3094,45,3046,3,2107967,47297,2057968,2702
7/3/2021,1858,46,1809,3,2109825,47343,2059777,2705
7/4/2021,1007,18,988,1,2110832,47361,2060765,2706
7/5/2021,1681,21,1658,2,2112513,47382,2062423,2708
7/6/2021,3970,94,3871,5,2116483,47476,2066294,2713
7/7/2021,3772,104,3666,2,2120255,47580,2069960,2715
7/8/2021,3746,126,3619,1,2124001,47706,2073579,2716
7/9/2021,3428,107,3316,5,2127429,47813,2076895,2721
7/10/2021,1838,83,1753,2,2129267,47896,2078648,2723
7/11/2021,1382,68,1313,1,2130649,47964,2079961,2724
7/12/2021,3931,138,3791,2,2134580,48102,2083752,2726
7/13/2021,4370,156,4209,5,2138950,48258,2087961,2731
7/14/2021,4513,168,4342,3,2143463,48426,2092303,2734
7/15/2021,4509,214,4290,5,2147972,48640,2096593,2739
7/16/2021,4258,172,4083,3,2152230,48812,2100676,2742
7/17/2021,2838,132,2703,3,2155068,48944,2103379,2745
7/18/2021,1722,87,1634,1,2156790,49031,2105013,2746
7/19/2021,5037,221,4813,3,2161827,49252,2109826,2749
7/20/2021,5304,284,5007,13,2167131,49536,2114833,2762
7/21/2021,5864,302,5557,5,2172995,49838,2120390,2767
7/22/2021,6129,290,5831,8,2179124,50128,2126221,2775
7/23/2021,5047,280,4764,3,2184171,50408,2130985,2778
7/24/2021,2876,186,2686,4,2187047,50594,2133671,2782
7/25/2021,2236,134,2101,1,2189283,50728,2135772,2783
7/26/2021,6302,335,5958,9,2195585,51063,2141730,2792
7/27/2021,7004,399,6597,8,2202589,51462,2148327,2800
7/28/2021,6743,478,6255,10,2209332,51940,2154582,2810
7/29/2021,7469,534,6923,12,2216801,52474,2161505,2822
7/30/2021,6813,333,6465,15,2223614,52807,2167970,2837
7/31/2021,3658,259,3395,4,2227272,53066,2171365,2841
8/1/2021,2799,174,2622,3,2230071,53240,2173987,2844
8/2/2021,7891,436,7440,15,2237962,53676,2181427,2859
8/3/2021,8391,413,7969,9,2246353,54089,2189396,2868
8/4/2021,8191,440,7741,10,2254544,54529,2197137,2878
8/5/2021,8452,420,8017,15,2262996,54949,2205154,2893
8/6/2021,7017,354,6648,15,2270013,55303,2211802,2908
8/7/2021,3856,217,3634,5,2273869,55520,2215436,2913
8/8/2021,2899,193,2698,8,2276768,55713,2218134,2921
8/9/2021,8070,365,7700,5,2284838,56078,2225834,2926
8/10/2021,8136,338,7788,10,2292974,56416,2233622,2936
8/11/2021,8410,369,8028,13,2301384,56785,2241650,2949
8/12/2021,8060,329,7712,19,2309444,57114,2249362,2968
8/13/2021,6775,291,6470,14,2316219,57405,2255832,2982
8/14/2021,3600,173,3419,8,2319819,57578,2259251,2990
8/15/2021,2545,141,2396,8,2322364,57719,2261647,2998
8/16/2021,7681,317,7352,12,2330045,58036,2268999,3010
8/17/2021,7920,281,7629,10,2337965,58317,2276628,3020
8/18/2021,8429,254,8165,10,2346394,58571,2284793,3030
8/19/2021,8124,290,7821,13,2354518,58861,2292614,3043
8/20/2021,7012,214,6784,14,2361530,59075,2299398,3057
8/21/2021,3542,110,3427,5,2365072,59185,2302825,3062
8/22/2021,2931,111,2820,0,2368003,59296,2305645,3062
8/23/2021,8175,226,7940,9,2376178,59522,2313585,3071
8/24/2021,8045,208,7817,20,2384223,59730,2321402,3091
8/25/2021,9021,241,8770,10,2393244,59971,2330172,3101
8/26/2021,8786,222,8548,16,2402030,60193,2338720,3117
8/27/2021,6812,164,6607,41,2408842,60357,2345327,3158
8/28/2021,3548,89,3457,2,2412390,60446,2348784,3160
8/29/2021,2653,85,2564,4,2415043,60531,2351348,3164
8/30/2021,9016,187,8818,11,2424059,60718,2360166,3175
8/31/2021,8108,189,7912,7,2432167,60907,2368078,3182
9/1/2021,8946,183,8755,8,2441113,61090,2376833,3190
9/2/2021,8246,153,8079,14,2449359,61243,2384912,3204
9/3/2021,6297,152,6134,11,2455656,61395,2391046,3215
9/4/2021,3162,92,3064,6,2458818,61487,2394110,3221
9/5/2021,2391,82,2309,0,2461209,61569,2396419,3221
9/6/2021,3101,81,3019,1,2464310,61650,2399438,3222
9/7/2021,9376,189,9181,6,2473686,61839,2408619,3228
9/8/2021,9344,186,9151,7,2483030,62025,2417770,3235
9/9/2021,8181,194,7977,10,2491211,62219,2425747,3245
9/10/2021,6745,167,6573,5,2497956,62386,2432320,3250
9/11/2021,3282,101,3177,4,2501238,62487,2435497,3254
9/12/2021,2559,60,2494,5,2503797,62547,2437991,3259
9/13/2021,7936,156,7775,5,2511733,62703,2445766,3264
9/14/2021,8713,164,8543,6,2520446,62867,2454309,3270
9/15/2021,8534,185,8343,6,2528980,63052,2462652,3276
9/16/2021,8289,152,8125,12,2537269,63204,2470777,3288
9/17/2021,7437,135,7299,3,2544706,63339,2478076,3291
9/18/2021,3673,86,3585,2,2548379,63425,2481661,3293
9/19/2021,2794,78,2715,1,2551173,63503,2484376,3294
9/20/2021,9476,132,9338,6,2560649,63635,2493714,3300
9/21/2021,9267,126,9133,8,2569916,63761,2502847,3308
9/22/2021,9580,146,9431,3,2579496,63907,2512278,3311
9/23/2021,8314,129,8178,7,2587810,64036,2520456,3318
9/24/2021,6468,109,6350,9,2594278,64145,2526806,3327
9/25/2021,3118,69,3047,2,2597396,64214,2529853,3329
9/26/2021,2453,53,2400,0,2599849,64267,2532253,3329
9/27/2021,7941,146,7786,9,2607790,64413,2540039,3338
9/28/2021,7707,96,7606,5,2615497,64509,2547645,3343
9/29/2021,8475,147,8323,5,2623972,64656,2555968,3348
9/30/2021,7340,145,7189,6,2631312,64801,2563157,3354
10/1/2021,5658,131,5520,7,2636970,64932,2568677,3361
10/2/2021,2516,51,2464,1,2639486,64983,2571141,3362
10/3/2021,2347,46,2297,4,2641833,65029,2573438,3366
10/4/2021,7485,110,7367,8,2649318,65139,2580805,3374
10/5/2021,7401,118,7280,3,2656719,65257,2588085,3377
10/6/2021,7825,142,7678,5,2664544,65399,2595763,3382
10/7/2021,6629,93,6532,4,2671173,65492,2602295,3386
10/8/2021,5763,89,5671,3,2676936,65581,2607966,3389
10/9/2021,2548,53,2495,0,2679484,65634,2610461,3389
10/10/2021,2132,43,2089,0,2681616,65677,2612550,3389
10/11/2021,5716,80,5626,10,2687332,65757,2618176,3399
10/12/2021,7829,98,7726,5,2695161,65855,2625902,3404
10/13/2021,8129,91,8033,5,2703290,65946,2633935,3409
10/14/2021,6643,67,6569,7,2709933,66013,2640504,3416
10/15/2021,5344,81,5259,4,2715277,66094,2645763,3420
10/16/2021,2293,44,2247,2,2717570,66138,2648010,3422
10/17/2021,1919,32,1885,2,2719489,66170,2649895,3424
10/18/2021,7030,84,6941,5,2726519,66254,2656836,3429
10/19/2021,6708,81,6621,6,2733227,66335,2663457,3435
10/20/2021,7873,106,7765,2,2741100,66441,2671222,3437
10/21/2021,6185,75,6106,4,2747285,66516,2677328,3441
10/22/2021,5318,64,5253,1,2752603,66580,2682581,3442
10/23/2021,2239,51,2187,1,2754842,66631,2684768,3443
10/24/2021,1308,17,1291,0,2756150,66648,2686059,3443
10/25/2021,6380,86,6289,5,2762530,66734,2692348,3448
10/26/2021,6479,82,6394,3,2769009,66816,2698742,3451
10/27/2021,7324,109,7211,4,2776333,66925,2705953,3455
10/28/2021,5932,86,5843,3,2782265,67011,2711796,3458
10/29/2021,5042,67,4972,3,2787307,67078,2716768,3461
10/30/2021,2137,58,2077,2,2789444,67136,2718845,3463
10/31/2021,1685,31,1653,1,2791129,67167,2720498,3464
11/1/2021,6298,79,6219,0,2797427,67246,2726717,3464
11/2/2021,6777,95,6677,5,2804204,67341,2733394,3469
11/3/2021,7944,143,7799,2,2812148,67484,2741193,3471
11/4/2021,6669,124,6543,2,2818817,67608,2747736,3473
11/5/2021,5657,135,5517,5,2824474,67743,2753253,3478
11/6/2021,2511,73,2437,1,2826985,67816,2755690,3479
11/7/2021,2182,46,2133,3,2829167,67862,2757823,3482
11/8/2021,6705,107,6596,2,2835872,67969,2764419,3484
11/9/2021,6210,83,6124,3,2842082,68052,2770543,3487
11/10/2021,7444,114,7324,6,2849526,68166,2777867,3493
11/11/2021,4578,107,4471,0,2854104,68273,2782338,3493
11/12/2021,4996,78,4914,4,2859100,68351,2787252,3497
11/13/2021,2261,50,2211,0,2861361,68401,2789463,3497
11/14/2021,1805,36,1765,4,2863166,68437,2791228,3501
11/15/2021,6159,89,6069,1,2869325,68526,2797297,3502
11/16/2021,6201,88,6106,7,2875526,68614,2803403,3509
11/17/2021,7375,113,7256,6,2882901,68727,2810659,3515
11/18/2021,5787,86,5696,5,2888688,68813,2816355,3520
11/19/2021,5547,76,5468,3,2894235,68889,2821823,3523
11/20/2021,2544,57,2486,1,2896779,68946,2824309,3524
11/21/2021,2258,46,2211,1,2899037,68992,2826520,3525
11/22/2021,6624,84,6538,2,2905661,69076,2833058,3527
11/23/2021,5937,81,5852,4,2911598,69157,2838910,3531
11/24/2021,4265,85,4178,2,2915863,69242,2843088,3533
11/25/2021,777,16,761,0,2916640,69258,2843849,3533
11/26/2021,2563,58,2504,1,2919203,69316,2846353,3534
11/27/2021,2453,52,2400,1,2921656,69368,2848753,3535
11/28/2021,2347,38,2309,0,2924003,69406,2851062,3535
11/29/2021,7483,104,7370,9,2931486,69510,2858432,3544
11/30/2021,7380,139,7236,5,2938866,69649,2865668,3549
12/1/2021,8508,134,8373,1,2947374,69783,2874041,3550
12/2/2021,7097,108,6984,5,2954471,69891,2881025,3555
12/3/2021,6252,109,6141,2,2960723,70000,2887166,3557
12/4/2021,2922,68,2847,7,2963645,70068,2890013,3564
12/5/2021,2391,60,2330,1,2966036,70128,2892343,3565
12/6/2021,7512,112,7397,3,2973548,70240,2899740,3568
12/7/2021,7049,131,6913,5,2980597,70371,2906653,3573
12/8/2021,8460,138,8311,11,2989057,70509,2914964,3584
12/9/2021,6617,142,6468,7,2995674,70651,2921432,3591
12/10/2021,6142,122,6020,0,3001816,70773,2927452,3591
12/11/2021,3125,86,3031,8,3004941,70859,2930483,3599
12/12/2021,2589,75,2513,1,3007530,70934,2932996,3600
12/13/2021,6497,153,6339,5,3014027,71087,2939335,3605
12/14/2021,7844,291,7547,6,3021871,71378,2946882,3611
12/15/2021,9455,368,9082,5,3031326,71746,2955964,3616
12/16/2021,8550,384,8159,7,3039876,72130,2964123,3623
12/17/2021,9027,405,8609,13,3048903,72535,2972732,3636
12/18/2021,4848,310,4530,8,3053751,72845,2977262,3644
12/19/2021,3950,277,3670,3,3057701,73122,2980932,3647
12/20/2021,10068,734,9307,27,3067769,73856,2990239,3674
12/21/2021,11676,1075,10569,32,3079445,74931,3000808,3706
12/22/2021,13053,1294,11738,21,3092498,76225,3012546,3727
12/23/2021,11889,1382,10485,22,3104387,77607,3023031,3749
12/24/2021,6049,720,5319,10,3110436,78327,3028350,3759
12/25/2021,1150,142,1007,1,3111586,78469,3029357,3760
12/26/2021,5845,1027,4798,20,3117431,79496,3034155,3780
12/27/2021,11502,2049,9410,43,3128933,81545,3043565,3823
12/28/2021,13563,2339,11164,60,3142496,83884,3054729,3883
12/29/2021,13224,2230,10927,67,3155720,86114,3065656,3950
12/30/2021,14433,2490,11894,49,3170153,88604,3077550,3999
12/31/2021,8653,1329,7305,19,3178806,89933,3084855,4018
1/1/2022,1926,366,1555,5,3180732,90299,3086410,4023
1/2/2022,7704,1311,6358,35,3188436,91610,3092768,4058
1/3/2022,20158,3510,16553,95,3208594,95120,3109321,4153
1/4/2022,18976,3796,15078,102,3227570,98916,3124399,4255
1/5/2022,20545,3864,16556,125,3248115,102780,3140955,4380
1/6/2022,19084,3637,15366,81,3267199,106417,3156321,4461
1/7/2022,18953,3270,15606,77,3286152,109687,3171927,4538
1/8/2022,8642,1747,6810,85,3294794,111434,3178737,4623
1/9/2022,7070,1506,5511,53,3301864,112940,3184248,4676
1/10/2022,16395,2273,14059,63,3318259,115213,3198307,4739
1/11/2022,14897,2357,12455,85,3333156,117570,3210762,4824
1/12/2022,18097,3411,14505,181,3351253,120981,3225267,5005
1/13/2022,15715,2904,12707,104,3366968,123885,3237974,5109
1/14/2022,15182,2595,12473,114,3382150,126480,3250447,5223
1/15/2022,7423,1530,5776,117,3389573,128010,3256223,5340
1/16/2022,6057,1193,4812,52,3395630,129203,3261035,5392
1/17/2022,11390,2159,9088,143,3407020,131362,3270123,5535
1/18/2022,16487,2436,13952,99,3423507,133798,3284075,5634
1/19/2022,15227,2219,12929,79,3438734,136017,3297004,5713
1/20/2022,14209,2158,11901,150,3452943,138175,3308905,5863
1/21/2022,12914,1813,11001,100,3465857,139988,3319906,5963
1/22/2022,6005,1029,4932,44,3471862,141017,3324838,6007
1/23/2022,5269,798,4451,20,3477131,141815,3329289,6027
1/24/2022,14242,1724,12406,112,3491373,143539,3341695,6139
1/25/2022,12775,1423,11298,54,3504148,144962,3352993,6193
1/26/2022,12626,1308,11216,102,3516774,146270,3364209,6295
1/27/2022,11154,1151,9949,54,3527928,147421,3374158,6349
1/28/2022,10702,1000,9637,65,3538630,148421,3383795,6414
1/29/2022,4155,562,3568,25,3542785,148983,3387363,6439
1/30/2022,3622,375,3227,20,3546407,149358,3390590,6459
1/31/2022,10101,912,9107,82,3556508,150270,3399697,6541
2/1/2022,8498,677,7793,28,3565006,150947,3407490,6569
2/2/2022,10561,732,9792,37,3575567,151679,3417282,6606
2/3/2022,9408,627,8749,32,3584975,152306,3426031,6638
2/4/2022,8461,559,7869,33,3593436,152865,3433900,6671
2/5/2022,3167,336,2827,4,3596603,153201,3436727,6675
2/6/2022,2812,241,2566,5,3599415,153442,3439293,6680
2/7/2022,9245,611,8600,34,3608660,154053,3447893,6714
2/8/2022,7925,505,7405,15,3616585,154558,3455298,6729
2/9/2022,8282,493,7760,29,3624867,155051,3463058,6758
2/10/2022,7887,409,7449,29,3632754,155460,3470507,6787
2/11/2022,7263,354,6885,24,3640017,155814,3477392,6811
2/12/2022,2558,182,2367,9,3642575,155996,3479759,6820
2/13/2022,2430,159,2265,6,3645005,156155,3482024,6826
2/14/2022,8037,392,7614,31,3653042,156547,3489638,6857
2/15/2022,7408,276,7117,15,3660450,156823,3496755,6872
2/16/2022,7923,273,7633,17,3668373,157096,3504388,6889
2/17/2022,7874,271,7586,17,3676247,157367,3511974,6906
2/18/2022,6420,242,6162,16,3682667,157609,3518136,6922
2/19/2022,2303,127,2170,6,3684970,157736,3520306,6928
2/20/2022,1646,100,1542,4,3686616,157836,3521848,6932
2/21/2022,4186,195,3981,10,3690802,158031,3525829,6942
2/22/2022,7320,257,7053,10,3698122,158288,3532882,6952
2/23/2022,6732,174,6539,19,3704854,158462,3539421,6971
2/24/2022,6306,184,6109,13,3711160,158646,3545530,6984
2/25/2022,5838,171,5663,4,3716998,158817,3551193,6988
2/26/2022,2014,107,1903,4,3719012,158924,3553096,6992
2/27/2022,2089,82,2001,6,3721101,159006,3555097,6998
2/28/2022,7110,176,6926,8,3728211,159182,3562023,7006
3/1/2022,6496,174,6317,5,3734707,159356,3568340,7011
3/2/2022,6953,154,6792,7,3741660,159510,3575132,7018
3/3/2022,6458,145,6306,7,3748118,159655,3581438,7025
3/4/2022,5197,117,5076,4,3753315,159772,3586514,7029
3/5/2022,1791,76,1712,3,3755106,159848,3588226,7032
3/6/2022,1959,76,1882,1,3757065,159924,3590108,7033
3/7/2022,6372,159,6207,6,3763437,160083,3596315,7039
3/8/2022,5927,140,5780,7,3769364,160223,3602095,7046
3/9/2022,6402,125,6271,6,3775766,160348,3608366,7052
3/10/2022,5627,126,5493,8,3781393,160474,3613859,7060
3/11/2022,5022,113,4904,5,3786415,160587,3618763,7065
3/12/2022,1882,80,1799,3,3788297,160667,3620562,7068
3/13/2022,1754,62,1690,2,3790051,160729,3622252,7070
3/14/2022,5648,138,5508,2,3795699,160867,3627760,7072
3/15/2022,5979,144,5831,4,3801678,161011,3633591,7076
3/16/2022,6227,163,6057,7,3807905,161174,3639648,7083
3/17/2022,5322,120,5199,3,3813227,161294,3644847,7086
3/18/2022,4736,109,4619,8,3817963,161403,3649466,7094
3/19/2022,1732,83,1647,2,3819695,161486,3651113,7096
3/20/2022,1779,58,1721,0,3821474,161544,3652834,7096
3/21/2022,5601,155,5442,4,3827075,161699,3658276,7100
3/22/2022,5639,199,5430,10,3832714,161898,3663706,7110
3/23/2022,6197,167,6025,5,3838911,162065,3669731,7115
3/24/2022,5209,151,5053,5,3844120,162216,3674784,7120
3/25/2022,4951,134,4812,5,3849071,162350,3679596,7125
3/26/2022,1736,82,1654,0,3850807,162432,3681250,7125
3/27/2022,1959,85,1869,5,3852766,162517,3683119,7130
3/28/2022,5419,203,5211,5,3858185,162720,3688330,7135
3/29/2022,4661,179,4479,3,3862846,162899,3692809,7138
3/30/2022,5127,199,4914,14,3867973,163098,3697723,7152
3/31/2022,4243,158,4076,9,3872216,163256,3701799,7161
4/1/2022,3700,183,3514,3,3875916,163439,3705313,7164
4/2/2022,1753,94,1658,1,3877669,163533,3706971,7165
4/3/2022,1721,78,1642,1,3879390,163611,3708613,7166
4/4/2022,5606,267,5332,7,3884996,163878,3713945,7173
4/5/2022,4723,209,4508,6,3889719,164087,3718453,7179
4/6/2022,5484,239,5239,6,3895203,164326,3723692,7185
4/7/2022,4701,188,4509,4,3899904,164514,3728201,7189
4/8/2022,4591,211,4376,4,3904495,164725,3732577,7193
4/9/2022,1676,97,1578,1,3906171,164822,3734155,7194
4/10/2022,1556,105,1450,1,3907727,164927,3735605,7195
4/11/2022,5335,263,5058,14,3913062,165190,3740663,7209
4/12/2022,5026,263,4757,6,3918088,165453,3745420,7215
4/13/2022,5357,264,5082,11,3923445,165717,3750502,7226
4/14/2022,5064,249,4805,10,3928509,165966,3755307,7236
4/15/2022,4648,244,4398,6,3933157,166210,3759705,7242
4/16/2022,1851,164,1683,4,3935008,166374,3761388,7246
4/17/2022,1390,111,1277,2,3936398,166485,3762665,7248
4/18/2022,5495,353,5135,7,3941893,166838,3767800,7255
4/19/2022,5456,376,5071,9,3947349,167214,3772871,7264
4/20/2022,5570,375,5190,5,3952919,167589,3778061,7269
4/21/2022,4990,381,4599,10,3957909,167970,3782660,7279
4/22/2022,4715,292,4416,7,3962624,168262,3787076,7286
4/23/2022,1890,186,1699,5,3964514,168448,3788775,7291
4/24/2022,1826,149,1673,4,3966340,168597,3790448,7295
4/25/2022,6211,525,5676,10,3972551,169122,3796124,7305
4/26/2022,5792,407,5373,12,3978343,169529,3801497,7317
4/27/2022,6549,516,6021,12,3984892,170045,3807518,7329
4/28/2022,5643,451,5184,8,3990535,170496,3812702,7337
4/29/2022,5165,374,4781,10,3995700,170870,3817483,7347
4/30/2022,2129,256,1869,4,3997829,171126,3819352,7351
5/1/2022,2059,209,1848,2,3999888,171335,3821200,7353
5/2/2022,6445,565,5854,26,4006333,171900,3827054,7379
5/3/2022,6166,562,5593,11,4012499,172462,3832647,7390
5/4/2022,6795,621,6159,15,4019294,173083,3838806,7405
5/5/2022,5924,542,5370,12,4025218,173625,3844176,7417
5/6/2022,5786,509,5250,27,4031004,174134,3849426,7444
5/7/2022,2167,310,1846,11,4033171,174444,3851272,7455
5/8/2022,2163,272,1889,2,4035334,174716,3853161,7457
5/9/2022,6892,771,6088,33,4042226,175487,3859249,7490
5/10/2022,6661,698,5945,18,4048887,176185,3865194,7508
5/11/2022,7394,711,6652,31,4056281,176896,3871846,7539
5/12/2022,6426,672,5724,30,4062707,177568,3877570,7569
5/13/2022,4586,469,4108,9,4067293,178037,3881678,7578
5/14/2022,2558,381,2161,16,4069851,178418,3883839,7594
5/15/2022,2157,276,1876,5,4072008,178694,3885715,7599
5/16/2022,7316,864,6430,22,4079324,179558,3892145,7621
5/17/2022,6862,839,5980,43,4086186,180397,3898125,7664
5/18/2022,7580,744,6789,47,4093766,181141,3904914,7711
5/19/2022,6608,734,5828,46,4100374,181875,3910742,7757
5/20/2022,6148,669,5429,50,4106522,182544,3916171,7807
5/21/2022,2519,378,2128,13,4109041,182922,3918299,7820
5/22/2022,2362,307,2048,7,4111403,183229,3920347,7827
5/23/2022,7335,843,6467,25,4118738,184072,3926814,7852
5/24/2022,6517,715,5753,49,4125255,184787,3932567,7901
5/25/2022,6688,730,5916,42,4131943,185517,3938483,7943
5/26/2022,6047,656,5340,51,4137990,186173,3943823,7994
5/27/2022,5412,636,4749,27,4143402,186809,3948572,8021
5/28/2022,2281,393,1885,3,4145683,187202,3950457,8024
5/29/2022,1861,309,1547,5,4147544,187511,3952004,8029
5/30/2022,2936,511,2420,5,4150480,188022,3954424,8034
5/31/2022,7474,895,6561,18,4157954,188917,3960985,8052
6/1/2022,6927,765,6140,22,4164881,189682,3967125,8074
6/2/2022,5628,719,4888,21,4170509,190401,3972013,8095
6/3/2022,5133,584,4527,22,4175642,190985,3976540,8117
6/4/2022,2539,375,2157,7,4178181,191360,3978697,8124
6/5/2022,2003,298,1700,5,4180184,191658,3980397,8129
6/6/2022,5922,700,5144,78,4186106,192358,3985541,8207
6/7/2022,5293,689,4589,15,4191399,193047,3990130,8222
6/8/2022,5479,661,4799,19,4196878,193708,3994929,8241
6/9/2022,4673,620,4038,15,4201551,194328,3998967,8256
6/10/2022,4585,533,4033,19,4206136,194861,4003000,8275
6/11/2022,2135,336,1790,9,4208271,195197,4004790,8284
6/12/2022,1661,276,1378,7,4209932,195473,4006168,8291
6/13/2022,5320,649,4651,20,4215252,196122,4010819,8311
6/14/2022,5075,658,4394,23,4220327,196780,4015213,8334
6/15/2022,5012,621,4376,15,4225339,197401,4019589,8349
6/16/2022,4640,549,4057,34,4229979,197950,4023646,8383
6/17/2022,4153,595,3550,8,4234132,198545,4027196,8391
6/18/2022,2166,360,1794,12,4236298,198905,4028990,8403
6/19/2022,1632,287,1335,10,4237930,199192,4030325,8413
6/20/2022,3723,657,3053,13,4241653,199849,4033378,8426
6/21/2022,5475,770,4691,14,4247128,200619,4038069,8440
6/22/2022,4742,632,4095,15,4251870,201251,4042164,8455
6/23/2022,4537,628,3890,19,4256407,201879,4046054,8474
6/24/2022,3906,586,3301,19,4260313,202465,4049355,8493
6/25/2022,1977,367,1604,6,4262290,202832,4050959,8499
6/26/2022,1485,298,1184,3,4263775,203130,4052143,8502
6/27/2022,5163,780,4360,23,4268938,203910,4056503,8525
6/28/2022,4700,755,3916,29,4273638,204665,4060419,8554
6/29/2022,4734,647,4074,13,4278372,205312,4064493,8567
6/30/2022,4379,694,3675,10,4282751,206006,4068168,8577
7/1/2022,3631,525,3079,27,4286382,206531,4071247,8604
7/2/2022,1981,324,1645,12,4288363,206855,4072892,8616
7/3/2022,1419,247,1171,1,4289782,207102,4074063,8617
7/4/2022,1887,393,1490,4,4291669,207495,4075553,8621
7/5/2022,5006,837,4152,17,4296675,208332,4079705,8638
7/6/2022,4685,649,4021,15,4301360,208981,4083726,8653
7/7/2022,4224,590,3616,18,4305584,209571,4087342,8671
7/8/2022,3813,529,3269,15,4309397,210100,4090611,8686
7/9/2022,1939,333,1600,6,4311336,210433,4092211,8692
7/10/2022,1509,234,1270,5,4312845,210667,4093481,8697
7/11/2022,4712,700,4000,12,4317557,211367,4097481,8709
7/12/2022,4056,522,3506,28,4321613,211889,4100987,8737
7/13/2022,4185,525,3646,14,4325798,212414,4104633,8751
7/14/2022,3974,562,3401,11,4329772,212976,4108034,8762
7/15/2022,3611,481,3119,11,4333383,213457,4111153,8773
7/16/2022,1804,262,1535,7,4335187,213719,4112688,8780
7/17/2022,1497,206,1290,1,4336684,213925,4113978,8781
7/18/2022,4518,621,3880,17,4341202,214546,4117858,8798
7/19/2022,4069,517,3534,18,4345271,215063,4121392,8816
7/20/2022,4043,506,3518,19,4349314,215569,4124910,8835
7/21/2022,3618,467,3134,17,4352932,216036,4128044,8852
7/22/2022,3476,452,3007,17,4356408,216488,4131051,8869
7/23/2022,1637,218,1414,5,4358045,216706,4132465,8874
7/24/2022,1384,199,1183,2,4359429,216905,4133648,8876
7/25/2022,4239,590,3640,9,4363668,217495,4137288,8885
7/26/2022,3813,442,3358,13,4367481,217937,4140646,8898
7/27/2022,3645,368,3264,13,4371126,218305,4143910,8911
7/28/2022,3248,366,2875,7,4374374,218671,4146785,8918
7/29/2022,3197,352,2834,11,4377571,219023,4149619,8929
7/30/2022,1584,225,1355,4,4379155,219248,4150974,8933
7/31/2022,1249,172,1074,3,4380404,219420,4152048,8936
8/1/2022,3931,502,3423,6,4384335,219922,4155471,8942
8/2/2022,3390,331,3047,12,4387725,220253,4158518,8954
8/3/2022,3302,325,2965,12,4391027,220578,4161483,8966
8/4/2022,3027,257,2762,8,4394054,220835,4164245,8974
8/5/2022,2961,289,2660,12,4397015,221124,4166905,8986
8/6/2022,1457,171,1281,5,4398472,221295,4168186,8991
8/7/2022,1131,145,985,1,4399603,221440,4169171,8992
8/8/2022,3940,371,3553,16,4403543,221811,4172724,9008
8/9/2022,3207,275,2924,8,4406750,222086,4175648,9016
8/10/2022,3222,320,2897,5,4409972,222406,4178545,9021
8/11/2022,2931,229,2694,8,4412903,222635,4181239,9029
8/12/2022,2787,236,2547,4,4415690,222871,4183786,9033
8/13/2022,1278,144,1132,2,4416968,223015,4184918,9035
8/14/2022,1013,116,893,4,4417981,223131,4185811,9039
8/15/2022,3673,302,3354,17,4421654,223433,4189165,9056
8/16/2022,3240,231,2993,16,4424894,223664,4192158,9072
8/17/2022,3162,222,2934,6,4428056,223886,4195092,9078
8/18/2022,2719,204,2514,1,4430775,224090,4197606,9079
8/19/2022,2944,213,2724,7,4433719,224303,4200330,9086
8/20/2022,1315,155,1155,5,4435034,224458,4201485,9091
8/21/2022,944,122,817,5,4435978,224580,4202302,9096
8/22/2022,3386,268,3106,12,4439364,224848,4205408,9108
8/23/2022,3119,209,2904,6,4442483,225057,4208312,9114
8/24/2022,3065,206,2856,3,4445548,225263,4211168,9117
8/25/2022,2828,196,2629,3,4448376,225459,4213797,9120
8/26/2022,3310,188,3116,6,4451686,225647,4216913,9126
8/27/2022,1206,102,1101,3,4452892,225749,4218014,9129
8/28/2022,982,74,906,2,4453874,225823,4218920,9131
8/29/2022,3509,224,3275,10,4457383,226047,4222195,9141
8/30/2022,2996,151,2839,6,4460379,226198,4225034,9147
8/31/2022,3000,203,2792,5,4463379,226401,4227826,9152
9/1/2022,2564,138,2416,10,4465943,226539,4230242,9162
9/2/2022,3029,183,2842,4,4468972,226722,4233084,9166
9/3/2022,1194,74,1119,1,4470166,226796,4234203,9167
9/4/2022,897,54,842,1,4471063,226850,4235045,9168
9/5/2022,1305,102,1203,0,4472368,226952,4236248,9168
9/6/2022,3182,210,2969,3,4475550,227162,4239217,9171
9/7/2022,2715,176,2535,4,4478265,227338,4241752,9175
9/8/2022,2344,145,2197,2,4480609,227483,4243949,9177
9/9/2022,3081,153,2927,1,4483690,227636,4246876,9178
9/10/2022,1216,83,1131,2,4484906,227719,4248007,9180
9/11/2022,974,65,908,1,4485880,227784,4248915,9181
9/12/2022,3028,197,2826,5,4488908,227981,4251741,9186
9/13/2022,2575,162,2409,4,4491483,228143,4254150,9190
9/14/2022,2666,124,2538,4,4494149,228267,4256688,9194
9/15/2022,2557,126,2426,5,4496706,228393,4259114,9199
9/16/2022,3019,156,2859,4,4499725,228549,4261973,9203
9/17/2022,1128,71,1053,4,4500853,228620,4263026,9207
9/18/2022,895,60,833,2,4501748,228680,4263859,9209
9/19/2022,3045,182,2861,2,4504793,228862,4266720,9211
9/20/2022,2333,117,2213,3,4507126,228979,4268933,9214
9/21/2022,2557,126,2429,2,4509683,229105,4271362,9216
9/22/2022,2581,126,2451,4,4512264,229231,4273813,9220
9/23/2022,2921,121,2799,1,4515185,229352,4276612,9221
9/24/2022,1093,83,1009,1,4516278,229435,4277621,9222
9/25/2022,843,72,771,0,4517121,229507,4278392,9222
9/26/2022,2928,166,2762,0,4520049,229673,4281154,9222
9/27/2022,2469,122,2345,2,4522518,229795,4283499,9224
9/28/2022,2354,159,2192,3,4524872,229954,4285691,9227
9/29/2022,2423,136,2284,3,4527295,230090,4287975,9230
9/30/2022,2697,124,2569,4,4529992,230214,4290544,9234
10/1/2022,1055,67,984,4,4531047,230281,4291528,9238
10/2/2022,872,60,807,5,4531919,230341,4292335,9243
10/3/2022,2755,168,2582,5,4534674,230509,4294917,9248
10/4/2022,2276,151,2123,2,4536950,230660,4297040,9250
10/5/2022,2047,103,1940,4,4538997,230763,4298980,9254
10/6/2022,2328,114,2210,4,4541325,230877,4301190,9258
10/7/2022,2687,110,2573,4,4544012,230987,4303763,9262
10/8/2022,1018,71,946,1,4545030,231058,4304709,9263
10/9/2022,781,62,719,0,4545811,231120,4305428,9263
10/10/2022,2068,114,1951,3,4547879,231234,4307379,9266
10/11/2022,2246,134,2109,3,4550125,231368,4309488,9269
10/12/2022,2217,118,2098,1,4552342,231486,4311586,9270
10/13/2022,2170,114,2054,2,4554512,231600,4313640,9272
10/14/2022,2544,117,2423,4,4557056,231717,4316063,9276
10/15/2022,1029,63,966,0,4558085,231780,4317029,9276
10/16/2022,850,60,790,0,4558935,231840,4317819,9276
10/17/2022,2657,148,2503,6,4561592,231988,4320322,9282
10/18/2022,2164,102,2060,2,4563756,232090,4322382,9284
10/19/2022,2152,103,2048,1,4565908,232193,4324430,9285
10/20/2022,1894,82,1809,3,4567802,232275,4326239,9288
10/21/2022,2425,83,2335,7,4570227,232358,4328574,9295
10/22/2022,1056,48,1005,3,4571283,232406,4329579,9298
10/23/2022,812,43,767,2,4572095,232449,4330346,9300
10/24/2022,2523,126,2395,2,4574618,232575,4332741,9302
10/25/2022,2232,137,2093,2,4576850,232712,4334834,9304
10/26/2022,2274,112,2158,4,4579124,232824,4336992,9308
10/27/2022,2312,103,2208,1,4581436,232927,4339200,9309
10/28/2022,2713,109,2600,4,4584149,233036,4341800,9313
10/29/2022,1090,63,1025,2,4585239,233099,4342825,9315
10/30/2022,870,60,810,0,4586109,233159,4343635,9315
10/31/2022,2465,166,2298,1,4588574,233325,4345933,9316
11/1/2022,2053,123,1925,5,4590627,233448,4347858,9321
11/2/2022,2189,140,2049,0,4592816,233588,4349907,9321
11/3/2022,2224,130,2091,3,4595040,233718,4351998,9324
11/4/2022,2735,129,2604,2,4597775,233847,4354602,9326
11/5/2022,1045,60,984,1,4598820,233907,4355586,9327
11/6/2022,972,82,890,0,4599792,233989,4356476,9327
11/7/2022,2661,184,2473,4,4602453,234173,4358949,9331
11/8/2022,2060,124,1933,3,4604513,234297,4360882,9334
11/9/2022,2261,140,2117,4,4606774,234437,4362999,9338
11/10/2022,2227,141,2084,2,4609001,234578,4365083,9340
11/11/2022,1587,119,1467,1,4610588,234697,4366550,9341
11/12/2022,1162,88,1070,4,4611750,234785,4367620,9345
11/13/2022,897,85,809,3,4612647,234870,4368429,9348
11/14/2022,2736,153,2576,7,4615383,235023,4371005,9355
11/15/2022,2188,159,2022,7,4617571,235182,4373027,9362
11/16/2022,2262,168,2089,5,4619833,235350,4375116,9367
11/17/2022,2176,157,2015,4,4622009,235507,4377131,9371
11/18/2022,2843,141,2700,2,4624852,235648,4379831,9373
11/19/2022,1277,115,1159,3,4626129,235763,4380990,9376
11/20/2022,934,92,842,0,4627063,235855,4381832,9376
11/21/2022,2507,252,2250,5,4629570,236107,4384082,9381
11/22/2022,2337,218,2114,5,4631907,236325,4386196,9386
11/23/2022,2124,180,1942,2,4634031,236505,4388138,9388
11/24/2022,609,65,544,0,4634640,236570,4388682,9388
11/25/2022,1413,191,1219,3,4636053,236761,4389901,9391
11/26/2022,1233,134,1096,3,4637286,236895,4390997,9394
11/27/2022,1104,151,950,3,4638390,237046,4391947,9397
11/28/2022,3234,382,2848,4,4641624,237428,4394795,9401
11/29/2022,2430,317,2107,6,4644054,237745,4396902,9407
11/30/2022,2536,280,2251,5,4646590,238025,4399153,9412
12/1/2022,2156,257,1895,4,4648746,238282,4401048,9416
12/2/2022,2763,259,2497,7,4651509,238541,4403545,9423
12/3/2022,1137,130,1005,2,4652646,238671,4404550,9425
12/4/2022,930,125,805,0,4653576,238796,4405355,9425
12/5/2022,3030,380,2645,5,4656606,239176,4408000,9430
12/6/2022,2530,305,2217,8,4659136,239481,4410217,9438
12/7/2022,2570,299,2269,2,4661706,239780,4412486,9440
12/8/2022,2485,256,2221,8,4664191,240036,4414707,9448
12/9/2022,2832,272,2553,7,4667023,240308,4417260,9455
12/10/2022,1089,112,976,1,4668112,240420,4418236,9456
12/11/2022,1104,150,945,9,4669216,240570,4419181,9465
12/12/2022,3247,368,2870,9,4672463,240938,4422051,9474
12/13/2022,2456,280,2172,4,4674919,241218,4424223,9478
12/14/2022,2492,277,2211,4,4677411,241495,4426434,9482
12/15/2022,2451,209,2241,1,4679862,241704,4428675,9483
12/16/2022,2724,254,2464,6,4682586,241958,4431139,9489
12/17/2022,1108,122,986,0,4683694,242080,4432125,9489
12/18/2022,928,118,810,0,4684622,242198,4432935,9489
12/19/2022,2690,343,2342,5,4687312,242541,4435277,9494
12/20/2022,2173,227,1939,7,4689485,242768,4437216,9501
12/21/2022,2174,256,1915,3,4691659,243024,4439131,9504
12/22/2022,2188,201,1981,6,4693847,243225,4441112,9510
12/23/2022,1914,213,1695,6,4695761,243438,4442807,9516
12/24/2022,843,108,730,5,4696604,243546,4443537,9521
12/25/2022,404,46,358,0,4697008,243592,4443895,9521
12/26/2022,1462,214,1247,1,4698470,243806,4445142,9522
12/27/2022,2140,264,1871,5,4700610,244070,4447013,9527
12/28/2022,1712,188,1520,4,4702322,244258,4448533,9531
12/29/2022,1537,178,1358,1,4703859,244436,4449891,9532
12/30/2022,1423,195,1224,4,4705282,244631,4451115,9536
12/31/2022,763,80,683,0,4706045,244711,4451798,9536
1/1/2023,575,48,527,0,4706620,244759,4452325,9536
1/2/2023,1461,165,1294,2,4708081,244924,4453619,9538
1/3/2023,2637,250,2386,1,4710718,245174,4456005,9539
1/4/2023,1413,127,1286,0,4712131,245301,4457291,9539
1/5/2023,1612,122,1488,2,4713743,245423,4458779,9541
1/6/2023,2451,216,2232,3,4716194,245639,4461011,9544
1/7/2023,953,83,868,2,4717147,245722,4461879,9546
1/8/2023,786,71,713,2,4717933,245793,4462592,9548
1/9/2023,2377,173,2201,3,4720310,245966,4464793,9551
1/10/2023,1587,115,1470,2,4721897,246081,4466263,9553
1/11/2023,1707,115,1589,3,4723604,246196,4467852,9556
1/12/2023,1770,107,1662,1,4725374,246303,4469514,9557
1/13/2023,1838,95,1742,1,4727212,246398,4471256,9558
1/14/2023,744,47,697,0,4727956,246445,4471953,9558
1/15/2023,851,42,806,3,4728807,246487,4472759,9561
1/16/2023,1177,73,1104,0,4729984,246560,4473863,9561
1/17/2023,2047,113,1931,3,4732031,246673,4475794,9564
1/18/2023,1784,94,1690,0,4733815,246767,4477484,9564
1/19/2023,1646,79,1566,1,4735461,246846,4479050,9565
1/20/2023,1822,79,1743,0,4737283,246925,4480793,9565
1/21/2023,812,49,762,1,4738095,246974,4481555,9566
1/22/2023,670,49,620,1,4738765,247023,4482175,9567
1/23/2023,1865,105,1756,4,4740630,247128,4483931,9571
1/24/2023,1683,80,1600,3,4742313,247208,4485531,9574
1/25/2023,1683,89,1593,1,4743996,247297,4487124,9575
1/26/2023,1755,81,1674,0,4745751,247378,4488798,9575
1/27/2023,1761,94,1664,3,4747512,247472,4490462,9578
1/28/2023,787,47,740,0,4748299,247519,4491202,9578
1/29/2023,667,47,620,0,4748966,247566,4491822,9578
1/30/2023,2119,113,2002,4,4751085,247679,4493824,9582
1/31/2023,1599,92,1504,3,4752684,247771,4495328,9585
2/1/2023,1613,109,1503,1,4754297,247880,4496831,9586
2/2/2023,1953,95,1856,2,4756250,247975,4498687,9588
2/3/2023,2085,120,1964,1,4758335,248095,4500651,9589
2/4/2023,1048,79,969,0,4759383,248174,4501620,9589
2/5/2023,676,56,619,1,4760059,248230,4502239,9590
2/6/2023,1877,129,1745,3,4761936,248359,4503984,9593
2/7/2023,1503,100,1401,2,4763439,248459,4505385,9595
2/8/2023,1601,102,1495,4,4765040,248561,4506880,9599
2/9/2023,1776,96,1676,4,4766816,248657,4508556,9603
2/10/2023,1960,124,1832,4,4768776,248781,4510388,9607
2/11/2023,852,67,783,2,4769628,248848,4511171,9609
2/12/2023,659,66,593,0,4770287,248914,4511764,9609
2/13/2023,1965,145,1819,1,4772252,249059,4513583,9610
2/14/2023,1496,102,1392,2,4773748,249161,4514975,9612
2/15/2023,1623,108,1513,2,4775371,249269,4516488,9614
2/16/2023,1855,115,1732,8,4777226,249384,4518220,9622
2/17/2023,1910,109,1801,0,4779136,249493,4520021,9622
2/18/2023,838,79,757,2,4779974,249572,4520778,9624
2/19/2023,647,85,562,0,4780621,249657,4521340,9624
2/20/2023,1392,100,1288,4,4782013,249757,4522628,9628
2/21/2023,1958,141,1815,2,4783971,249898,4524443,9630
2/22/2023,1823,126,1694,3,4785794,250024,4526137,9633
2/23/2023,1939,131,1806,2,4787733,250155,4527943,9635
2/24/2023,2120,135,1984,1,4789853,250290,4529927,9636
2/25/2023,1061,80,979,2,4790914,250370,4530906,9638
2/26/2023,761,59,702,0,4791675,250429,4531608,9638
2/27/2023,1957,133,1820,4,4793632,250562,4533428,9642
2/28/2023,1674,136,1536,2,4795306,250698,4534964,9644
3/1/2023,1568,114,1452,2,4796874,250812,4536416,9646
3/2/2023,1689,102,1585,2,4798563,250914,4538001,9648
3/3/2023,2064,121,1940,3,4800627,251035,4539941,9651
3/4/2023,899,75,821,3,4801526,251110,4540762,9654
3/5/2023,686,58,628,0,4802212,251168,4541390,9654
3/6/2023,1836,123,1710,3,4804048,251291,4543100,9657
3/7/2023,1530,122,1405,3,4805578,251413,4544505,9660
3/8/2023,1445,97,1347,1,4807023,251510,4545852,9661
3/9/2023,1441,84,1355,2,4808464,251594,4547207,9663
3/10/2023,1798,111,1684,3,4810262,251705,4548891,9666
3/11/2023,787,63,722,2,4811049,251768,4549613,9668
3/12/2023,613,40,573,0,4811662,251808,4550186,9668
3/13/2023,1727,149,1578,0,4813389,251957,4551764,9668
3/14/2023,1420,114,1305,1,4814809,252071,4553069,9669
3/15/2023,1269,78,1185,6,4816078,252149,4554254,9675
3/16/2023,1369,76,1292,1,4817447,252225,4555546,9676
3/17/2023,1643,67,1574,2,4819090,252292,4557120,9678
3/18/2023,811,58,753,0,4819901,252350,4557873,9678
3/19/2023,612,41,568,3,4820513,252391,4558441,9681
3/20/2023,1620,107,1509,4,4822133,252498,4559950,9685
3/21/2023,1304,70,1231,3,4823437,252568,4561181,9688
3/22/2023,1209,62,1143,4,4824646,252630,4562324,9692
3/23/2023,1555,85,1462,8,4826201,252715,4563786,9700
3/24/2023,1722,64,1657,1,4827923,252779,4565443,9701
3/25/2023,902,51,850,1,4828825,252830,4566293,9702
3/26/2023,555,49,506,0,4829380,252879,4566799,9702
3/27/2023,1366,83,1280,3,4830746,252962,4568079,9705
3/28/2023,1237,73,1161,3,4831983,253035,4569240,9708
3/29/2023,1186,61,1122,3,4833169,253096,4570362,9711
3/30/2023,1291,79,1210,2,4834460,253175,4571572,9713
3/31/2023,1219,59,1160,0,4835679,253234,4572732,9713
4/1/2023,780,43,736,1,4836459,253277,4573468,9714
4/2/2023,714,34,679,1,4837173,253311,4574147,9715
4/3/2023,1443,59,1383,1,4838616,253370,4575530,9716
4/4/2023,1216,69,1147,0,4839832,253439,4576677,9716
4/5/2023,1113,66,1047,0,4840945,253505,4577724,9716
4/6/2023,1337,52,1285,0,4842282,253557,4579009,9716
4/7/2023,804,42,762,0,4843086,253599,4579771,9716
4/8/2023,684,34,650,0,4843770,253633,4580421,9716
4/9/2023,562,27,535,0,4844332,253660,4580956,9716
4/10/2023,1323,76,1247,0,4845655,253736,4582203,9716
4/11/2023,1122,41,1081,0,4846777,253777,4583284,9716
4/12/2023,1151,71,1078,2,4847928,253848,4584362,9718
4/13/2023,1347,64,1281,2,4849275,253912,4585643,9720
4/14/2023,1437,60,1376,1,4850712,253972,4587019,9721
4/15/2023,695,35,660,0,4851407,254007,4587679,9721
4/16/2023,588,31,557,0,4851995,254038,4588236,9721
4/17/2023,1214,54,1159,1,4853209,254092,4589395,9722
4/18/2023,1286,84,1201,1,4854495,254176,4590596,9723
4/19/2023,1005,61,944,0,4855500,254237,4591540,9723
4/20/2023,1370,53,1317,0,4856870,254290,4592857,9723
4/21/2023,958,62,896,0,4857828,254352,4593753,9723
4/22/2023,490,30,460,0,4858318,254382,4594213,9723
4/23/2023,583,34,548,1,4858901,254416,4594761,9724
4/24/2023,1435,71,1362,2,4860336,254487,4596123,9726
4/25/2023,1183,64,1118,1,4861519,254551,4597241,9727
4/26/2023,960,46,913,1,4862479,254597,4598154,9728
4/27/2023,1317,47,1270,0,4863796,254644,4599424,9728
4/28/2023,807,51,753,3,4864603,254695,4600177,9731
4/29/2023,459,24,435,0,4865062,254719,4600612,9731
4/30/2023,415,23,392,0,4865477,254742,4601004,9731
5/1/2023,1258,46,1209,3,4866735,254788,4602213,9734
5/2/2023,1075,39,1035,1,4867810,254827,4603248,9735
5/3/2023,1019,55,964,0,4868829,254882,4604212,9735
5/4/2023,1061,39,1021,1,4869890,254921,4605233,9736
5/5/2023,834,36,798,0,4870724,254957,4606031,9736
5/6/2023,321,27,294,0,4871045,254984,4606325,9736
5/7/2023,466,21,445,0,4871511,255005,4606770,9736
5/8/2023,1274,66,1207,1,4872785,255071,4607977,9737
5/9/2023,1167,33,1133,1,4873952,255104,4609110,9738
5/10/2023,929,39,889,1,4874881,255143,4609999,9739
5/11/2023,1069,36,1032,1,4875950,255179,4611031,9740
5/12/2023,871,36,835,0,4876821,255215,4611866,9740
5/13/2023,435,23,412,0,4877256,255238,4612278,9740
5/14/2023,384,21,363,0,4877640,255259,4612641,9740
5/15/2023,996,39,956,1,4878636,255298,4613597,9741
5/16/2023,983,42,941,0,4879619,255340,4614538,9741
5/17/2023,906,29,877,0,4880525,255369,4615415,9741
5/18/2023,977,30,947,0,4881502,255399,4616362,9741
5/19/2023,626,31,595,0,4882128,255430,4616957,9741
5/20/2023,577,34,543,0,4882705,255464,4617500,9741
5/21/2023,597,25,572,0,4883302,255489,4618072,9741
5/22/2023,784,37,746,1,4884086,255526,4618818,9742
5/23/2023,892,38,853,1,4884978,255564,4619671,9743
5/24/2023,831,39,791,1,4885809,255603,4620462,9744
5/25/2023,745,43,702,0,4886554,255646,4621164,9744
5/26/2023,810,36,774,0,4887364,255682,4621938,9744
5/27/2023,414,24,390,0,4887778,255706,4622328,9744
5/28/2023,697,36,661,0,4888475,255742,4622989,9744
5/29/2023,641,21,620,0,4889116,255763,4623609,9744
5/30/2023,932,42,890,0,4890048,255805,4624499,9744
5/31/2023,953,48,905,0,4891001,255853,4625404,9744
6/1/2023,933,45,886,2,4891934,255898,4626290,9746
6/2/2023,722,37,685,0,4892656,255935,4626975,9746
6/3/2023,466,21,445,0,4893122,255956,4627420,9746
6/4/2023,625,24,601,0,4893747,255980,4628021,9746
6/5/2023,1026,55,970,1,4894773,256035,4628991,9747
6/6/2023,875,49,825,1,4895648,256084,4629816,9748
6/7/2023,932,45,887,0,4896580,256129,4630703,9748
6/8/2023,862,33,828,1,4897442,256162,4631531,9749
6/9/2023,718,28,689,1,4898160,256190,4632220,9750
6/10/2023,458,17,440,1,4898618,256207,4632660,9751
6/11/2023,690,18,671,1,4899308,256225,4633331,9752
6/12/2023,908,52,856,0,4900216,256277,4634187,9752
6/13/2023,774,35,739,0,4900990,256312,4634926,9752
6/14/2023,949,31,916,2,4901939,256343,4635842,9754
6/15/2023,809,33,776,0,4902748,256376,4636618,9754
6/16/2023,800,44,755,1,4903548,256420,4637373,9755
6/17/2023,485,24,460,1,4904033,256444,4637833,9756
6/18/2023,932,26,905,1,4904965,256470,4638738,9757
6/19/2023,815,25,790,0,4905780,256495,4639528,9757
6/20/2023,769,39,729,1,4906549,256534,4640257,9758
6/21/2023,754,36,717,1,4907303,256570,4640974,9759
6/22/2023,961,35,923,3,4908264,256605,4641897,9762
6/23/2023,528,34,494,0,4908792,256639,4642391,9762
6/24/2023,522,27,495,0,4909314,256666,4642886,9762
6/25/2023,994,21,973,0,4910308,256687,4643859,9762
6/26/2023,1010,45,965,0,4911318,256732,4644824,9762
6/27/2023,900,34,866,0,4912218,256766,4645690,9762
6/28/2023,892,31,860,1,4913110,256797,4646550,9763
6/29/2023,759,32,725,2,4913869,256829,4647275,9765
6/30/2023,672,34,637,1,4914541,256863,4647912,9766
7/1/2023,523,33,490,0,4915064,256896,4648402,9766
7/2/2023,1033,19,1014,0,4916097,256915,4649416,9766
7/3/2023,1089,41,1048,0,4917186,256956,4650464,9766
7/4/2023,384,20,364,0,4917570,256976,4650828,9766
7/5/2023,814,36,778,0,4918384,257012,4651606,9766
7/6/2023,888,40,846,2,4919272,257052,4652452,9768
7/7/2023,493,34,459,0,4919765,257086,4652911,9768
7/8/2023,650,18,632,0,4920415,257104,4653543,9768
7/9/2023,961,25,935,1,4921376,257129,4654478,9769
7/10/2023,1203,44,1159,0,4922579,257173,4655637,9769
7/11/2023,778,35,742,1,4923357,257208,4656379,9770
7/12/2023,875,41,834,0,4924232,257249,4657213,9770
7/13/2023,791,32,758,1,4925023,257281,4657971,9771
7/14/2023,485,33,452,0,4925508,257314,4658423,9771
7/15/2023,367,23,344,0,4925875,257337,4658767,9771
7/16/2023,1134,28,1106,0,4927009,257365,4659873,9771
7/17/2023,980,26,953,1,4927989,257391,4660826,9772
7/18/2023,549,46,503,0,4928538,257437,4661329,9772
7/19/2023,996,43,953,0,4929534,257480,4662282,9772
7/20/2023,829,37,792,0,4930363,257517,4663074,9772
7/21/2023,500,58,442,0,4930863,257575,4663516,9772
7/22/2023,339,28,311,0,4931202,257603,4663827,9772
7/23/2023,1103,28,1075,0,4932305,257631,4664902,9772
7/24/2023,1135,58,1077,0,4933440,257689,4665979,9772
7/25/2023,678,50,627,1,4934118,257739,4666606,9773
7/26/2023,500,51,449,0,4934618,257790,4667055,9773
7/27/2023,608,54,554,0,4935226,257844,4667609,9773
7/28/2023,753,38,715,0,4935979,257882,4668324,9773
7/29/2023,495,33,462,0,4936474,257915,4668786,9773
7/30/2023,860,25,835,0,4937334,257940,4669621,9773
7/31/2023,772,69,703,0,4938106,258009,4670324,9773
8/1/2023,989,53,936,0,4939095,258062,4671260,9773
8/2/2023,826,48,776,2,4939921,258110,4672036,9775
8/3/2023,793,59,733,1,4940714,258169,4672769,9776
8/4/2023,681,62,619,0,4941395,258231,4673388,9776
8/5/2023,505,64,441,0,4941900,258295,4673829,9776
8/6/2023,896,31,864,1,4942796,258326,4674693,9777
8/7/2023,838,72,766,0,4943634,258398,4675459,9777
8/8/2023,683,53,630,0,4944317,258451,4676089,9777
8/9/2023,1031,80,951,0,4945348,258531,4677040,9777
8/10/2023,873,67,806,0,4946221,258598,4677846,9777
8/11/2023,824,66,758,0,4947045,258664,4678604,9777
8/12/2023,425,43,380,2,4947470,258707,4678984,9779
8/13/2023,1010,47,962,1,4948480,258754,4679946,9780
8/14/2023,1269,92,1175,2,4949749,258846,4681121,9782
8/15/2023,819,87,732,0,4950568,258933,4681853,9782
8/16/2023,923,81,841,1,4951491,259014,4682694,9783
8/17/2023,908,79,829,0,4952399,259093,4683523,9783
8/18/2023,792,70,719,3,4953191,259163,4684242,9786
8/19/2023,428,55,372,1,4953619,259218,4684614,9787
8/20/2023,1150,52,1098,0,4954769,259270,4685712,9787
8/21/2023,1368,116,1249,3,4956137,259386,4686961,9790
8/22/2023,917,71,846,0,4957054,259457,4687807,9790
8/23/2023,972,92,879,1,4958026,259549,4688686,9791
8/24/2023,766,72,693,1,4958792,259621,4689379,9792
8/25/2023,844,82,762,0,4959636,259703,4690141,9792
8/26/2023,427,49,378,0,4960063,259752,4690519,9792
8/27/2023,1047,39,1008,0,4961110,259791,4691527,9792
8/28/2023,1415,102,1313,0,4962525,259893,4692840,9792
8/29/2023,1052,68,984,0,4963577,259961,4693824,9792
8/30/2023,870,78,792,0,4964447,260039,4694616,9792
8/31/2023,949,76,873,0,4965396,260115,4695489,9792
9/1/2023,609,55,554,0,4966005,260170,4696043,9792
9/2/2023,319,31,288,0,4966324,260201,4696331,9792
9/3/2023,344,42,302,0,4966668,260243,4696633,9792
9/4/2023,742,38,704,0,4967410,260281,4697337,9792
9/5/2023,1136,90,1046,0,4968546,260371,4698383,9792
9/6/2023,1075,67,1008,0,4969621,260438,4699391,9792
9/7/2023,1117,55,1062,0,4970738,260493,4700453,9792
9/8/2023,624,73,551,0,4971362,260566,4701004,9792
9/9/2023,344,46,298,0,4971706,260612,4701302,9792
9/10/2023,418,37,381,0,4972124,260649,4701683,9792
9/11/2023,1350,67,1283,0,4973474,260716,4702966,9792
9/12/2023,1432,62,1370,0,4974906,260778,4704336,9792
9/13/2023,1189,62,1127,0,4976095,260840,4705463,9792
9/14/2023,835,73,762,0,4976930,260913,4706225,9792
9/15/2023,749,47,702,0,4977679,260960,4706927,9792
9/16/2023,407,35,372,0,4978086,260995,4707299,9792
9/17/2023,399,42,357,0,4978485,261037,4707656,9792
9/18/2023,1719,81,1638,0,4980204,261118,4709294,9792
9/19/2023,1712,66,1646,0,4981916,261184,4710940,9792
9/20/2023,1107,53,1054,0,4983023,261237,4711994,9792
9/21/2023,1048,58,990,0,4984071,261295,4712984,9792
9/22/2023,642,48,594,0,4984713,261343,4713578,9792
9/23/2023,403,30,373,0,4985116,261373,4713951,9792
9/24/2023,363,32,331,0,4985479,261405,4714282,9792
9/25/2023,2058,48,2010,0,4987537,261453,4716292,9792
9/26/2023,1389,54,1335,0,4988926,261507,4717627,9792
9/27/2023,1090,49,1041,0,4990016,261556,4718668,9792
9/28/2023,933,48,885,0,4990949,261604,4719553,9792
9/29/2023,561,35,526,0,4991510,261639,4720079,9792
9/30/2023,380,26,354,0,4991890,261665,4720433,9792
10/1/2023,431,15,416,0,4992321,261680,4720849,9792
10/2/2023,1842,48,1794,0,4994163,261728,4722643,9792
10/3/2023,1473,34,1439,0,4995636,261762,4724082,9792
10/4/2023,966,34,932,0,4996602,261796,4725014,9792
10/5/2023,816,38,778,0,4997418,261834,4725792,9792
10/6/2023,435,18,417,0,4997853,261852,4726209,9792
10/7/2023,392,22,370,0,4998245,261874,4726579,9792
10/8/2023,306,24,282,0,4998551,261898,4726861,9792
10/9/2023,1711,46,1665,0,5000262,261944,4728526,9792
10/10/2023,857,38,818,1,5001119,261982,4729344,9793
10/11/2023,1068,34,1034,0,5002187,262016,4730378,9793
10/12/2023,787,38,749,0,5002974,262054,4731127,9793
10/13/2023,640,36,604,0,5003614,262090,4731731,9793
10/14/2023,348,33,314,1,5003962,262123,4732045,9794
10/15/2023,416,27,389,0,5004378,262150,4732434,9794
10/16/2023,1030,39,991,0,5005408,262189,4733425,9794
10/17/2023,1484,36,1448,0,5006892,262225,4734873,9794
10/18/2023,1130,38,1092,0,5008022,262263,4735965,9794
10/19/2023,632,32,600,0,5008654,262295,4736565,9794
10/20/2023,426,36,390,0,5009080,262331,4736955,9794
10/21/2023,311,21,290,0,5009391,262352,4737245,9794
10/22/2023,384,17,366,1,5009775,262369,4737611,9795
10/23/2023,1028,43,985,0,5010803,262412,4738596,9795
10/24/2023,614,31,582,1,5011417,262443,4739178,9796
10/25/2023,1118,32,1085,1,5012535,262475,4740263,9797
10/26/2023,570,28,542,0,5013105,262503,4740805,9797
10/27/2023,535,32,503,0,5013640,262535,4741308,9797
10/28/2023,399,22,377,0,5014039,262557,4741685,9797
10/29/2023,363,17,346,0,5014402,262574,4742031,9797
10/30/2023,1376,90,1286,0,5015778,262664,4743317,9797
10/31/2023,1150,37,1113,0,5016928,262701,4744430,9797
11/1/2023,641,34,607,0,5017569,262735,4745037,9797
11/2/2023,731,42,689,0,5018300,262777,4745726,9797
11/3/2023,739,39,700,0,5019039,262816,4746426,9797
11/4/2023,426,24,402,0,5019465,262840,4746828,9797
11/5/2023,388,26,362,0,5019853,262866,4747190,9797
11/6/2023,1732,85,1646,1,5021585,262951,4748836,9798
11/7/2023,1486,55,1431,0,5023071,263006,4750267,9798
11/8/2023,853,41,812,0,5023924,263047,4751079,9798
11/9/2023,798,37,761,0,5024722,263084,4751840,9798
11/10/2023,678,30,647,1,5025400,263114,4752487,9799
11/11/2023,314,31,282,1,5025714,263145,4752769,9800
11/12/2023,549,19,530,0,5026263,263164,4753299,9800
11/13/2023,1302,72,1230,0,5027565,263236,4754529,9800
11/14/2023,1281,52,1228,1,5028846,263288,4755757,9801
11/15/2023,1008,48,960,0,5029854,263336,4756717,9801
11/16/2023,868,57,811,0,5030722,263393,4757528,9801
11/17/2023,670,33,637,0,5031392,263426,4758165,9801
11/18/2023,376,16,360,0,5031768,263442,4758525,9801
11/19/2023,381,24,357,0,5032149,263466,4758882,9801
11/20/2023,1129,108,1021,0,5033278,263574,4759903,9801
11/21/2023,1315,41,1274,0,5034593,263615,4761177,9801
11/22/2023,1106,77,1029,0,5035699,263692,4762206,9801
11/23/2023,379,20,359,0,5036078,263712,4762565,9801
11/24/2023,575,49,526,0,5036653,263761,4763091,9801
11/25/2023,351,25,326,0,5037004,263786,4763417,9801
11/26/2023,344,28,316,0,5037348,263814,4763733,9801
11/27/2023,1203,89,1114,0,5038551,263903,4764847,9801
11/28/2023,681,37,644,0,5039232,263940,4765491,9801
11/29/2023,987,65,922,0,5040219,264005,4766413,9801
11/30/2023,888,64,824,0,5041107,264069,4767237,9801
12/1/2023,835,55,780,0,5041942,264124,4768017,9801
12/2/2023,542,35,507,0,5042484,264159,4768524,9801
12/3/2023,345,26,319,0,5042829,264185,4768843,9801
12/4/2023,2017,81,1936,0,5044846,264266,4770779,9801
12/5/2023,1668,49,1619,0,5046514,264315,4772398,9801
12/6/2023,991,44,947,0,5047505,264359,4773345,9801
12/7/2023,967,60,907,0,5048472,264419,4774252,9801
12/8/2023,639,46,593,0,5049111,264465,4774845,9801
12/9/2023,470,31,439,0,5049581,264496,4775284,9801
12/10/2023,457,30,427,0,5050038,264526,4775711,9801
12/11/2023,2103,93,2010,0,5052141,264619,4777721,9801
12/12/2023,1908,55,1853,0,5054049,264674,4779574,9801
12/13/2023,836,53,783,0,5054885,264727,4780357,9801
12/14/2023,924,62,862,0,5055809,264789,4781219,9801
12/15/2023,757,67,690,0,5056566,264856,4781909,9801
12/16/2023,530,42,488,0,5057096,264898,4782397,9801
12/17/2023,529,50,479,0,5057625,264948,4782876,9801
12/18/2023,1767,106,1661,0,5059392,265054,4784537,9801
12/19/2023,1523,81,1442,0,5060915,265135,4785979,9801
12/20/2023,1160,69,1091,0,5062075,265204,4787070,9801
12/21/2023,1208,68,1140,0,5063283,265272,4788210,9801
12/22/2023,908,78,830,0,5064191,265350,4789040,9801
12/23/2023,658,67,591,0,5064849,265417,4789631,9801
12/24/2023,349,40,309,0,5065198,265457,4789940,9801
12/25/2023,346,34,312,0,5065544,265491,4790252,9801
12/26/2023,1091,77,1014,0,5066635,265568,4791266,9801
12/27/2023,1284,69,1215,0,5067919,265637,4792481,9801
12/28/2023,1752,59,1693,0,5069671,265696,4794174,9801
12/29/2023,1039,79,960,0,5070710,265775,4795134,9801
12/30/2023,564,55,509,0,5071274,265830,4795643,9801
12/31/2023,407,43,364,0,5071681,265873,4796007,9801
1/1/2024,550,71,479,0,5072231,265944,4796486,9801
1/2/2024,1558,98,1460,0,5073789,266042,4797946,9801
1/3/2024,1143,100,1043,0,5074932,266142,4798989,9801
1/4/2024,882,84,798,0,5075814,266226,4799787,9801
1/5/2024,992,91,901,0,5076806,266317,4800688,9801
1/6/2024,510,53,457,0,5077316,266370,4801145,9801
1/7/2024,468,49,419,0,5077784,266419,4801564,9801
1/8/2024,2018,99,1919,0,5079802,266518,4803483,9801
1/9/2024,1651,68,1583,0,5081453,266586,4805066,9801
1/10/2024,756,71,685,0,5082209,266657,4805751,9801
1/11/2024,1128,64,1064,0,5083337,266721,4806815,9801
1/12/2024,839,73,766,0,5084176,266794,4807581,9801
1/13/2024,429,34,395,0,5084605,266828,4807976,9801
1/14/2024,534,30,504,0,5085139,266858,4808480,9801
1/15/2024,688,55,633,0,5085827,266913,4809113,9801
1/16/2024,1085,71,1014,0,5086912,266984,4810127,9801
1/17/2024,1388,66,1322,0,5088300,267050,4811449,9801
1/18/2024,1065,57,1008,0,5089365,267107,4812457,9801
1/19/2024,723,48,675,0,5090088,267155,4813132,9801
1/20/2024,475,28,447,0,5090563,267183,4813579,9801
1/21/2024,571,34,537,0,5091134,267217,4814116,9801
1/22/2024,2481,35,2446,0,5093615,267252,4816562,9801
1/23/2024,2004,42,1962,0,5095619,267294,4818524,9801
1/24/2024,975,43,932,0,5096594,267337,4819456,9801
1/25/2024,793,36,757,0,5097387,267373,4820213,9801
1/26/2024,533,21,512,0,5097920,267394,4820725,9801
1/27/2024,402,10,392,0,5098322,267404,4821117,9801
1/28/2024,403,17,386,0,5098725,267421,4821503,9801
1/29/2024,2493,48,2445,0,5101218,267469,4823948,9801
1/30/2024,1065,55,1010,0,5102283,267524,4824958,9801
1/31/2024,959,42,917,0,5103242,267566,4825875,9801
2/1/2024,825,27,798,0,5104067,267593,4826673,9801
2/2/2024,764,36,728,0,5104831,267629,4827401,9801
2/3/2024,367,13,354,0,5105198,267642,4827755,9801
2/4/2024,525,25,500,0,5105723,267667,4828255,9801
2/5/2024,1991,25,1966,0,5107714,267692,4830221,9801
2/6/2024,2221,36,2185,0,5109935,267728,4832406,9801
2/7/2024,961,27,934,0,5110896,267755,4833340,9801
2/8/2024,1010,31,979,0,5111906,267786,4834319,9801
2/9/2024,709,21,688,0,5112615,267807,4835007,9801
2/10/2024,467,23,444,0,5113082,267830,4835451,9801
2/11/2024,369,11,358,0,5113451,267841,4835809,9801
2/12/2024,2062,33,2029,0,5115513,267874,4837838,9801
2/13/2024,1930,41,1889,0,5117443,267915,4839727,9801
2/14/2024,1084,30,1053,1,5118527,267945,4840780,9802
2/15/2024,682,26,656,0,5119209,267971,4841436,9802
2/16/2024,770,46,724,0,5119979,268017,4842160,9802
2/17/2024,499,21,478,0,5120478,268038,4842638,9802
2/18/2024,408,16,392,0,5120886,268054,4843030,9802
2/19/2024,820,21,799,0,5121706,268075,4843829,9802
2/20/2024,2211,39,2172,0,5123917,268114,4846001,9802
2/21/2024,2104,21,2083,0,5126021,268135,4848084,9802
2/22/2024,1015,22,993,0,5127036,268157,4849077,9802
2/23/2024,664,20,644,0,5127700,268177,4849721,9802
2/24/2024,499,23,476,0,5128199,268200,4850197,9802
2/25/2024,374,10,364,0,5128573,268210,4850561,9802
2/26/2024,2411,29,2382,0,5130984,268239,4852943,9802
2/27/2024,2072,17,2055,0,5133056,268256,4854998,9802
2/28/2024,805,17,788,0,5133861,268273,4855786,9802
2/29/2024,713,14,699,0,5134574,268287,4856485,9802
3/1/2024,871,18,853,0,5135445,268305,4857338,9802
3/2/2024,544,17,527,0,5135989,268322,4857865,9802
3/3/2024,380,19,361,0,5136369,268341,4858226,9802
3/4/2024,2437,20,2417,0,5138806,268361,4860643,9802
3/5/2024,2215,12,2203,0,5141021,268373,4862846,9802
3/6/2024,982,17,965,0,5142003,268390,4863811,9802
3/7/2024,701,19,682,0,5142704,268409,4864493,9802
3/8/2024,782,20,762,0,5143486,268429,4865255,9802
3/9/2024,553,11,542,0,5144039,268440,4865797,9802
3/10/2024,330,10,320,0,5144369,268450,4866117,9802
3/11/2024,2571,14,2557,0,5146940,268464,4868674,9802
3/12/2024,2207,14,2193,0,5149147,268478,4870867,9802
3/13/2024,1040,16,1024,0,5150187,268494,4871891,9802
3/14/2024,643,10,633,0,5150830,268504,4872524,9802
3/15/2024,696,17,679,0,5151526,268521,4873203,9802
3/16/2024,366,11,355,0,5151892,268532,4873558,9802
3/17/2024,319,7,312,0,5152211,268539,4873870,9802
3/18/2024,2315,18,2297,0,5154526,268557,4876167,9802
3/19/2024,2055,17,2038,0,5156581,268574,4878205,9802
3/20/2024,907,17,890,0,5157488,268591,4879095,9802
3/21/2024,843,17,826,0,5158331,268608,4879921,9802
3/22/2024,820,14,806,0,5159151,268622,4880727,9802
3/23/2024,413,18,395,0,5159564,268640,4881122,9802
3/24/2024,481,14,467,0,5160045,268654,4881589,9802
3/25/2024,2635,18,2617,0,5162680,268672,4884206,9802
3/26/2024,2116,17,2099,0,5164796,268689,4886305,9802
3/27/2024,926,12,914,0,5165722,268701,4887219,9802
3/28/2024,682,18,664,0,5166404,268719,4887883,9802
3/29/2024,684,13,671,0,5167088,268732,4888554,9802
3/30/2024,421,7,414,0,5167509,268739,4888968,9802
3/31/2024,277,7,270,0,5167786,268746,4889238,9802
4/1/2024,2269,16,2253,0,5170055,268762,4891491,9802
4/2/2024,2236,10,2226,0,5172291,268772,4893717,9802
4/3/2024,866,8,858,0,5173157,268780,4894575,9802
4/4/2024,661,16,645,0,5173818,268796,4895220,9802
4/5/2024,523,24,499,0,5174341,268820,4895719,9802
4/6/2024,405,9,396,0,5174746,268829,4896115,9802
4/7/2024,253,5,248,0,5174999,268834,4896363,9802
4/8/2024,2326,19,2307,0,5177325,268853,4898670,9802
4/9/2024,2103,12,2091,0,5179428,268865,4900761,9802
4/10/2024,817,12,805,0,5180245,268877,4901566,9802
4/11/2024,842,11,831,0,5181087,268888,4902397,9802
4/12/2024,578,16,562,0,5181665,268904,4902959,9802
4/13/2024,409,6,403,0,5182074,268910,4903362,9802
4/14/2024,264,8,256,0,5182338,268918,4903618,9802
4/15/2024,2079,15,2064,0,5184417,268933,4905682,9802
4/16/2024,2062,9,2053,0,5186479,268942,4907735,9802
4/17/2024,745,14,730,1,5187224,268956,4908465,9803
4/18/2024,530,12,518,0,5187754,268968,4908983,9803
4/19/2024,505,16,489,0,5188259,268984,4909472,9803
4/20/2024,284,4,280,0,5188543,268988,4909752,9803
4/21/2024,330,10,320,0,5188873,268998,4910072,9803
4/22/2024,1652,18,1634,0,5190525,269016,4911706,9803
4/23/2024,1547,12,1535,0,5192072,269028,4913241,9803
4/24/2024,1037,14,1023,0,5193109,269042,4914264,9803
4/25/2024,724,16,708,0,5193833,269058,4914972,9803
4/26/2024,468,15,453,0,5194301,269073,4915425,9803
4/27/2024,284,15,269,0,5194585,269088,4915694,9803
4/28/2024,309,5,304,0,5194894,269093,4915998,9803
4/29/2024,1607,5,1602,0,5196501,269098,4917600,9803
4/30/2024,1393,21,1372,0,5197894,269119,4918972,9803
5/1/2024,941,14,927,0,5198835,269133,4919899,9803
5/2/2024,523,13,510,0,5199358,269146,4920409,9803
5/3/2024,472,9,463,0,5199830,269155,4920872,9803
5/4/2024,267,9,258,0,5200097,269164,4921130,9803
5/5/2024,388,3,385,0,5200485,269167,4921515,9803
5/6/2024,1744,16,1728,0,5202229,269183,4923243,9803
5/7/2024,1327,11,1316,0,5203556,269194,4924559,9803
5/8/2024,609,13,596,0,5204165,269207,4925155,9803
5/9/2024,366,13,353,0,5204531,269220,4925508,9803
5/10/2024,392,20,372,0,5204923,269240,4925880,9803
5/11/2024,323,11,312,0,5205246,269251,4926192,9803
5/12/2024,256,7,249,0,5205502,269258,4926441,9803
5/13/2024,370,22,348,0,5205872,269280,4926789,9803
5/14/2024,496,17,479,0,5206368,269297,4927268,9803
5/15/2024,492,27,465,0,5206860,269324,4927733,9803
5/16/2024,898,22,876,0,5207758,269346,4928609,9803
5/17/2024,574,26,548,0,5208332,269372,4929157,9803
5/18/2024,184,9,175,0,5208516,269381,4929332,9803
5/19/2024,277,15,262,0,5208793,269396,4929594,9803
5/20/2024,562,26,536,0,5209355,269422,4930130,9803
5/21/2024,369,21,348,0,5209724,269443,4930478,9803
5/22/2024,571,29,542,0,5210295,269472,4931020,9803
5/23/2024,865,24,841,0,5211160,269496,4931861,9803
5/24/2024,1624,25,1599,0,5212784,269521,4933460,9803
5/25/2024,275,12,263,0,5213059,269533,4933723,9803
5/26/2024,255,13,242,0,5213314,269546,4933965,9803
5/27/2024,1000,19,981,0,5214314,269565,4934946,9803
5/28/2024,1645,30,1615,0,5215959,269595,4936561,9803
5/29/2024,1336,33,1303,0,5217295,269628,4937864,9803
5/30/2024,849,25,824,0,5218144,269653,4938688,9803
5/31/2024,428,36,392,0,5218572,269689,4939080,9803
6/1/2024,318,17,301,0,5218890,269706,4939381,9803
6/2/2024,289,25,264,0,5219179,269731,4939645,9803
6/3/2024,674,42,632,0,5219853,269773,4940277,9803
6/4/2024,994,32,962,0,5220847,269805,4941239,9803
6/5/2024,1458,36,1422,0,5222305,269841,4942661,9803
6/6/2024,1084,52,1032,0,5223389,269893,4943693,9803
6/7/2024,1019,25,994,0,5224408,269918,4944687,9803
6/8/2024,220,12,208,0,5224628,269930,4944895,9803
6/9/2024,323,54,269,0,5224951,269984,4945164,9803
6/10/2024,1936,57,1879,0,5226887,270041,4947043,9803
6/11/2024,1925,77,1848,0,5228812,270118,4948891,9803
6/12/2024,1092,74,1018,0,5229904,270192,4949909,9803
6/13/2024,650,45,605,0,5230554,270237,4950514,9803
6/14/2024,431,36,395,0,5230985,270273,4950909,9803
6/15/2024,290,31,259,0,5231275,270304,4951168,9803
6/16/2024,280,44,236,0,5231555,270348,4951404,9803
6/17/2024,1961,63,1898,0,5233516,270411,4953302,9803
6/18/2024,1627,74,1553,0,5235143,270485,4954855,9803
6/19/2024,1061,51,1010,0,5236204,270536,4955865,9803
6/20/2024,701,50,651,0,5236905,270586,4956516,9803
6/21/2024,621,54,567,0,5237526,270640,4957083,9803
6/22/2024,323,28,295,0,5237849,270668,4957378,9803
6/23/2024,384,38,346,0,5238233,270706,4957724,9803
6/24/2024,1293,71,1222,0,5239526,270777,4958946,9803
6/25/2024,893,70,823,0,5240419,270847,4959769,9803
6/26/2024,657,64,593,0,5241076,270911,4960362,9803
6/27/2024,679,74,605,0,5241755,270985,4960967,9803
6/28/2024,553,66,487,0,5242308,271051,4961454,9803
6/29/2024,323,37,286,0,5242631,271088,4961740,9803
6/30/2024,343,46,297,0,5242974,271134,4962037,9803
7/1/2024,574,64,510,0,5243548,271198,4962547,9803
7/2/2024,484,68,416,0,5244032,271266,4962963,9803
7/3/2024,891,69,822,0,5244923,271335,4963785,9803
7/4/2024,254,45,209,0,5245177,271380,4963994,9803
7/5/2024,1603,49,1554,0,5246780,271429,4965548,9803
7/6/2024,537,53,484,0,5247317,271482,4966032,9803
7/7/2024,342,50,292,0,5247659,271532,4966324,9803
7/8/2024,1972,82,1890,0,5249631,271614,4968214,9803
7/9/2024,1089,86,1003,0,5250720,271700,4969217,9803
7/10/2024,1768,100,1668,0,5252488,271800,4970885,9803
7/11/2024,775,52,723,0,5253263,271852,4971608,9803
7/12/2024,486,67,419,0,5253749,271919,4972027,9803
7/13/2024,388,46,342,0,5254137,271965,4972369,9803
7/14/2024,367,41,326,0,5254504,272006,4972695,9803
7/15/2024,1705,70,1635,0,5256209,272076,4974330,9803
7/16/2024,1964,75,1889,0,5258173,272151,4976219,9803
7/17/2024,1123,62,1061,0,5259296,272213,4977280,9803
7/18/2024,596,72,524,0,5259892,272285,4977804,9803
7/19/2024,449,59,389,1,5260341,272344,4978193,9804
7/20/2024,143,22,121,0,5260484,272366,4978314,9804
7/21/2024,290,36,254,0,5260774,272402,4978568,9804
7/22/2024,2018,75,1943,0,5262792,272477,4980511,9804
7/23/2024,1569,65,1504,0,5264361,272542,4982015,9804
7/24/2024,1373,58,1315,0,5265734,272600,4983330,9804
7/25/2024,672,66,606,0,5266406,272666,4983936,9804
7/26/2024,448,47,401,0,5266854,272713,4984337,9804
7/27/2024,338,31,306,1,5267192,272744,4984643,9805
7/28/2024,343,56,287,0,5267535,272800,4984930,9805
7/29/2024,2103,75,2028,0,5269638,272875,4986958,9805
7/30/2024,1889,57,1832,0,5271527,272932,4988790,9805
7/31/2024,970,73,897,0,5272497,273005,4989687,9805
8/1/2024,644,58,586,0,5273141,273063,4990273,9805
8/2/2024,570,46,524,0,5273711,273109,4990797,9805
8/3/2024,307,57,250,0,5274018,273166,4991047,9805
8/4/2024,313,44,269,0,5274331,273210,4991316,9805
8/5/2024,1396,85,1311,0,5275727,273295,4992627,9805
8/6/2024,1504,60,1444,0,5277231,273355,4994071,9805
8/7/2024,924,62,862,0,5278155,273417,4994933,9805
8/8/2024,613,58,555,0,5278768,273475,4995488,9805
8/9/2024,445,51,394,0,5279213,273526,4995882,9805
8/10/2024,312,36,276,0,5279525,273562,4996158,9805
8/11/2024,345,36,309,0,5279870,273598,4996467,9805
8/12/2024,1258,58,1200,0,5281128,273656,4997667,9805
8/13/2024,1092,73,1019,0,5282220,273729,4998686,9805
8/14/2024,965,66,899,0,5283185,273795,4999585,9805
8/15/2024,664,50,614,0,5283849,273845,5000199,9805
8/16/2024,662,46,616,0,5284511,273891,5000815,9805
8/17/2024,328,42,286,0,5284839,273933,5001101,9805
8/18/2024,287,40,247,0,5285126,273973,5001348,9805
8/19/2024,1576,59,1517,0,5286702,274032,5002865,9805
8/20/2024,1520,44,1475,1,5288222,274076,5004340,9806
8/21/2024,967,65,902,0,5289189,274141,5005242,9806
8/22/2024,515,47,468,0,5289704,274188,5005710,9806
8/23/2024,548,50,498,0,5290252,274238,5006208,9806
8/24/2024,234,29,205,0,5290486,274267,5006413,9806
8/25/2024,387,24,363,0,5290873,274291,5006776,9806
8/26/2024,1808,41,1767,0,5292681,274332,5008543,9806
8/27/2024,1554,34,1519,1,5294235,274366,5010062,9807
8/28/2024,1139,39,1099,1,5295374,274405,5011161,9808
8/29/2024,605,30,575,0,5295979,274435,5011736,9808
8/30/2024,490,36,454,0,5296469,274471,5012190,9808
8/31/2024,273,21,252,0,5296742,274492,5012442,9808
9/1/2024,210,19,191,0,5296952,274511,5012633,9808
9/2/2024,473,24,449,0,5297425,274535,5013082,9808
9/3/2024,720,34,686,0,5298145,274569,5013768,9808
9/4/2024,830,34,796,0,5298975,274603,5014564,9808
9/5/2024,449,27,422,0,5299424,274630,5014986,9808
9/6/2024,502,16,486,0,5299926,274646,5015472,9808
9/7/2024,389,18,371,0,5300315,274664,5015843,9808
9/8/2024,360,20,340,0,5300675,274684,5016183,9808
9/9/2024,928,30,898,0,5301603,274714,5017081,9808
9/10/2024,992,36,956,0,5302595,274750,5018037,9808
9/11/2024,652,29,623,0,5303247,274779,5018660,9808
9/12/2024,517,32,485,0,5303764,274811,5019145,9808
9/13/2024,372,23,349,0,5304136,274834,5019494,9808
9/14/2024,268,14,254,0,5304404,274848,5019748,9808
9/15/2024,247,15,232,0,5304651,274863,5019980,9808
9/16/2024,722,23,699,0,5305373,274886,5020679,9808
9/17/2024,763,20,743,0,5306136,274906,5021422,9808
9/18/2024,552,15,537,0,5306688,274921,5021959,9808
9/19/2024,439,21,418,0,5307127,274942,5022377,9808
9/20/2024,426,19,407,0,5307553,274961,5022784,9808
9/21/2024,230,12,218,0,5307783,274973,5023002,9808
9/22/2024,323,13,310,0,5308106,274986,5023312,9808
9/23/2024,795,22,773,0,5308901,275008,5024085,9808
9/24/2024,632,19,613,0,5309533,275027,5024698,9808
9/25/2024,519,14,505,0,5310052,275041,5025203,9808
9/26/2024,633,23,610,0,5310685,275064,5025813,9808
9/27/2024,383,11,372,0,5311068,275075,5026185,9808
9/28/2024,199,13,186,0,5311267,275088,5026371,9808
9/29/2024,407,11,396,0,5311674,275099,5026767,9808
9/30/2024,761,26,734,1,5312435,275125,5027501,9809
10/1/2024,624,22,602,0,5313059,275147,5028103,9809
10/2/2024,459,30,429,0,5313518,275177,5028532,9809
10/3/2024,404,17,387,0,5313922,275194,5028919,9809
10/4/2024,273,10,263,0,5314195,275204,5029182,9809
10/5/2024,169,8,161,0,5314364,275212,5029343,9809
10/6/2024,312,19,293,0,5314676,275231,5029636,9809
10/7/2024,662,11,651,0,5315338,275242,5030287,9809
10/8/2024,574,18,556,0,5315912,275260,5030843,9809
10/9/2024,344,23,321,0,5316256,275283,5031164,9809
10/10/2024,436,18,418,0,5316692,275301,5031582,9809
10/11/2024,303,22,281,0,5316995,275323,5031863,9809
10/12/2024,172,7,165,0,5317167,275330,5032028,9809
10/13/2024,260,5,255,0,5317427,275335,5032283,9809
10/14/2024,562,13,549,0,5317989,275348,5032832,9809
10/15/2024,527,6,521,0,5318516,275354,5033353,9809
10/16/2024,478,8,470,0,5318994,275362,5033823,9809
10/17/2024,454,15,438,1,5319448,275377,5034261,9810
10/18/2024,361,15,346,0,5319809,275392,5034607,9810
10/19/2024,228,8,220,0,5320037,275400,5034827,9810
10/20/2024,362,8,354,0,5320399,275408,5035181,9810
10/21/2024,696,14,682,0,5321095,275422,5035863,9810
10/22/2024,552,31,521,0,5321647,275453,5036384,9810
10/23/2024,498,26,472,0,5322145,275479,5036856,9810
10/24/2024,449,13,436,0,5322594,275492,5037292,9810
10/25/2024,358,6,352,0,5322952,275498,5037644,9810
10/26/2024,204,6,198,0,5323156,275504,5037842,9810
10/27/2024,418,16,402,0,5323574,275520,5038244,9810
10/28/2024,819,10,809,0,5324393,275530,5039053,9810
10/29/2024,579,13,566,0,5324972,275543,5039619,9810
10/30/2024,388,5,383,0,5325360,275548,5040002,9810
10/31/2024,363,13,350,0,5325723,275561,5040352,9810
11/1/2024,296,7,289,0,5326019,275568,5040641,9810
11/2/2024,195,9,186,0,5326214,275577,5040827,9810
11/3/2024,329,14,315,0,5326543,275591,5041142,9810
11/4/2024,675,14,661,0,5327218,275605,5041803,9810
11/5/2024,615,9,606,0,5327833,275614,5042409,9810
11/6/2024,440,8,432,0,5328273,275622,5042841,9810
11/7/2024,391,5,386,0,5328664,275627,5043227,9810
11/8/2024,344,7,337,0,5329008,275634,5043564,9810
11/9/2024,214,7,207,0,5329222,275641,5043771,9810
11/10/2024,338,6,332,0,5329560,275647,5044103,9810
11/11/2024,364,3,361,0,5329924,275650,5044464,9810
11/12/2024,626,17,609,0,5330550,275667,5045073,9810
11/13/2024,322,9,313,0,5330872,275676,5045386,9810
11/14/2024,286,7,279,0,5331158,275683,5045665,9810
11/15/2024,276,4,272,0,5331434,275687,5045937,9810
11/16/2024,220,10,210,0,5331654,275697,5046147,9810
11/17/2024,210,3,207,0,5331864,275700,5046354,9810
11/18/2024,673,5,668,0,5332537,275705,5047022,9810
11/19/2024,480,10,470,0,5333017,275715,5047492,9810
11/20/2024,323,9,314,0,5333340,275724,5047806,9810
11/21/2024,322,7,315,0,5333662,275731,5048121,9810
11/22/2024,295,2,293,0,5333957,275733,5048414,9810
11/23/2024,222,2,220,0,5334179,275735,5048634,9810
11/24/2024,214,5,209,0,5334393,275740,5048843,9810
11/25/2024,592,3,589,0,5334985,275743,5049432,9810
11/26/2024,509,3,506,0,5335494,275746,5049938,9810
11/27/2024,275,2,273,0,5335769,275748,5050211,9810
11/28/2024,191,2,189,0,5335960,275750,5050400,9810
11/29/2024,329,2,327,0,5336289,275752,5050727,9810
11/30/2024,199,5,194,0,5336488,275757,5050921,9810
12/1/2024,248,1,247,0,5336736,275758,5051168,9810
12/2/2024,615,8,607,0,5337351,275766,5051775,9810
12/3/2024,622,6,616,0,5337973,275772,5052391,9810
12/4/2024,412,3,409,0,5338385,275775,5052800,9810
12/5/2024,408,6,402,0,5338793,275781,5053202,9810
12/6/2024,320,3,317,0,5339113,275784,5053519,9810
12/7/2024,251,9,242,0,5339364,275793,5053761,9810
12/8/2024,215,4,211,0,5339579,275797,5053972,9810
12/9/2024,661,11,650,0,5340240,275808,5054622,9810
12/10/2024,685,5,680,0,5340925,275813,5055302,9810
12/11/2024,422,7,415,0,5341347,275820,5055717,9810
12/12/2024,454,7,447,0,5341801,275827,5056164,9810
12/13/2024,371,8,363,0,5342172,275835,5056527,9810
12/14/2024,241,3,238,0,5342413,275838,5056765,9810
12/15/2024,275,4,271,0,5342688,275842,5057036,9810
12/16/2024,650,6,644,0,5343338,275848,5057680,9810
12/17/2024,691,12,679,0,5344029,275860,5058359,9810
12/18/2024,501,5,496,0,5344530,275865,5058855,9810
12/19/2024,440,3,437,0,5344970,275868,5059292,9810
12/20/2024,353,7,346,0,5345323,275875,5059638,9810
12/21/2024,293,3,290,0,5345616,275878,5059928,9810
12/22/2024,307,3,304,0,5345923,275881,5060232,9810
12/23/2024,406,11,395,0,5346329,275892,5060627,9810
12/24/2024,417,7,410,0,5346746,275899,5061037,9810
12/25/2024,322,7,315,0,5347068,275906,5061352,9810
12/26/2024,862,12,850,0,5347930,275918,5062202,9810
12/27/2024,869,7,862,0,5348799,275925,5063064,9810
12/28/2024,442,8,434,0,5349241,275933,5063498,9810
12/29/2024,348,10,338,0,5349589,275943,5063836,9810
12/30/2024,416,13,403,0,5350005,275956,5064239,9810
12/31/2024,408,6,402,0,5350413,275962,5064641,9810
1/1/2025,319,10,309,0,5350732,275972,5064950,9810
1/2/2025,733,9,724,0,5351465,275981,5065674,9810
1/3/2025,828,8,820,0,5352293,275989,5066494,9810
1/4/2025,477,11,466,0,5352770,276000,5066960,9810
1/5/2025,376,8,368,0,5353146,276008,5067328,9810
1/6/2025,636,13,623,0,5353782,276021,5067951,9810
1/7/2025,758,18,740,0,5354540,276039,5068691,9810
1/8/2025,711,13,698,0,5355251,276052,5069389,9810
1/9/2025,607,14,593,0,5355858,276066,5069982,9810
1/10/2025,514,5,509,0,5356372,276071,5070491,9810
1/11/2025,378,6,372,0,5356750,276077,5070863,9810
1/12/2025,374,13,361,0,5357124,276090,5071224,9810
1/13/2025,705,13,692,0,5357829,276103,5071916,9810
1/14/2025,724,18,706,0,5358553,276121,5072622,9810
1/15/2025,688,12,676,0,5359241,276133,5073298,9810
1/16/2025,543,8,535,0,5359784,276141,5073833,9810
1/17/2025,518,7,511,0,5360302,276148,5074344,9810
1/18/2025,330,3,327,0,5360632,276151,5074671,9810
1/19/2025,369,6,363,0,5361001,276157,5075034,9810
1/20/2025,510,11,499,0,5361511,276168,5075533,9810
1/21/2025,807,18,789,0,5362318,276186,5076322,9810
1/22/2025,792,9,783,0,5363110,276195,5077105,9810
1/23/2025,717,17,700,0,5363827,276212,5077805,9810
1/24/2025,631,8,623,0,5364458,276220,5078428,9810
1/25/2025,372,10,362,0,5364830,276230,5078790,9810
1/26/2025,562,9,553,0,5365392,276239,5079343,9810
1/27/2025,583,16,567,0,5365975,276255,5079910,9810
1/28/2025,542,16,526,0,5366517,276271,5080436,9810
1/29/2025,621,18,603,0,5367138,276289,5081039,9810
1/30/2025,603,17,586,0,5367741,276306,5081625,9810
1/31/2025,489,11,478,0,5368230,276317,5082103,9810
2/1/2025,429,3,426,0,5368659,276320,5082529,9810
2/2/2025,400,7,393,0,5369059,276327,5082922,9810
2/3/2025,659,24,635,0,5369718,276351,5083557,9810
2/4/2025,658,63,595,0,5370376,276414,5084152,9810
2/5/2025,720,13,707,0,5371096,276427,5084859,9810
2/6/2025,782,11,771,0,5371878,276438,5085630,9810
2/7/2025,524,11,513,0,5372402,276449,5086143,9810
2/8/2025,439,8,431,0,5372841,276457,5086574,9810
2/9/2025,348,7,341,0,5373189,276464,5086915,9810
2/10/2025,780,15,765,0,5373969,276479,5087680,9810
2/11/2025,692,9,683,0,5374661,276488,5088363,9810
2/12/2025,661,7,654,0,5375322,276495,5089017,9810
2/13/2025,662,8,654,0,5375984,276503,5089671,9810
2/14/2025,630,7,623,0,5376614,276510,5090294,9810
2/15/2025,498,12,486,0,5377112,276522,5090780,9810
2/16/2025,301,8,293,0,5377413,276530,5091073,9810
2/17/2025,613,8,605,0,5378026,276538,5091678,9810
2/18/2025,779,12,767,0,5378805,276550,5092445,9810
2/19/2025,670,8,662,0,5379475,276558,5093107,9810
2/20/2025,721,18,703,0,5380196,276576,5093810,9810
2/21/2025,569,13,556,0,5380765,276589,5094366,9810
2/22/2025,426,8,418,0,5381191,276597,5094784,9810
2/23/2025,284,6,278,0,5381475,276603,5095062,9810
2/24/2025,768,15,753,0,5382243,276618,5095815,9810
2/25/2025,593,7,586,0,5382836,276625,5096401,9810
2/26/2025,510,10,500,0,5383346,276635,5096901,9810
2/27/2025,547,6,541,0,5383893,276641,5097442,9810
2/28/2025,499,4,495,0,5384392,276645,5097937,9810
3/1/2025,321,5,316,0,5384713,276650,5098253,9810
3/2/2025,294,6,288,0,5385007,276656,5098541,9810
3/3/2025,608,12,596,0,5385615,276668,5099137,9810
3/4/2025,646,10,636,0,5386261,276678,5099773,9810
3/5/2025,507,8,499,0,5386768,276686,5100272,9810
3/6/2025,431,6,425,0,5387199,276692,5100697,9810
3/7/2025,456,3,453,0,5387655,276695,5101150,9810
3/8/2025,293,7,286,0,5387948,276702,5101436,9810
3/9/2025,247,4,243,0,5388195,276706,5101679,9810
3/10/2025,603,17,586,0,5388798,276723,5102265,9810
3/11/2025,596,31,565,0,5389394,276754,5102830,9810
3/12/2025,511,18,493,0,5389905,276772,5103323,9810
3/13/2025,555,12,543,0,5390460,276784,5103866,9810
3/14/2025,551,12,539,0,5391011,276796,5104405,9810
3/15/2025,392,3,389,0,5391403,276799,5104794,9810
3/16/2025,243,6,237,0,5391646,276805,5105031,9810
3/17/2025,697,12,685,0,5392343,276817,5105716,9810
3/18/2025,659,17,642,0,5393002,276834,5106358,9810
3/19/2025,470,5,465,0,5393472,276839,5106823,9810
3/20/2025,471,10,461,0,5393943,276849,5107284,9810
3/21/2025,428,10,418,0,5394371,276859,5107702,9810
3/22/2025,261,5,256,0,5394632,276864,5107958,9810
3/23/2025,247,12,235,0,5394879,276876,5108193,9810
3/24/2025,611,13,598,0,5395490,276889,5108791,9810
3/25/2025,564,13,551,0,5396054,276902,5109342,9810
3/26/2025,630,15,615,0,5396684,276917,5109957,9810
3/27/2025,414,10,404,0,5397098,276927,5110361,9810
3/28/2025,418,15,403,0,5397516,276942,5110764,9810
3/29/2025,358,6,352,0,5397874,276948,5111116,9810
3/30/2025,249,9,240,0,5398123,276957,5111356,9810
3/31/2025,515,4,511,0,5398638,276961,5111867,9810
4/1/2025,471,10,461,0,5399109,276971,5112328,9810
4/2/2025,388,2,386,0,5399497,276973,5112714,9810
4/3/2025,438,10,428,0,5399935,276983,5113142,9810
4/4/2025,429,7,422,0,5400364,276990,5113564,9810
4/5/2025,346,8,338,0,5400710,276998,5113902,9810
4/6/2025,262,5,257,0,5400972,277003,5114159,9810
4/7/2025,545,18,527,0,5401517,277021,5114686,9810
4/8/2025,562,5,557,0,5402079,277026,5115243,9810
4/9/2025,478,12,466,0,5402557,277038,5115709,9810
4/10/2025,417,3,414,0,5402974,277041,5116123,9810
4/11/2025,674,4,670,0,5403648,277045,5116793,9810
4/12/2025,443,3,440,0,5404091,277048,5117233,9810
4/13/2025,277,5,272,0,5404368,277053,5117505,9810
4/14/2025,634,12,622,0,5405002,277065,5118127,9810
4/15/2025,568,7,561,0,5405570,277072,5118688,9810
4/16/2025,393,7,386,0,5405963,277079,5119074,9810
4/17/2025,530,7,523,0,5406493,277086,5119597,9810
4/18/2025,467,4,463,0,5406960,277090,5120060,9810
4/19/2025,259,4,255,0,5407219,277094,5120315,9810
4/20/2025,214,5,209,0,5407433,277099,5120524,9810
4/21/2025,540,6,534,0,5407973,277105,5121058,9810
4/22/2025,549,5,544,0,5408522,277110,5121602,9810
4/23/2025,450,8,442,0,5408972,277118,5122044,9810
4/24/2025,414,5,409,0,5409386,277123,5122453,9810
4/25/2025,399,8,391,0,5409785,277131,5122844,9810
4/26/2025,283,4,279,0,5410068,277135,5123123,9810
4/27/2025,157,4,153,0,5410225,277139,5123276,9810
4/28/2025,502,6,496,0,5410727,277145,5123772,9810
4/29/2025,487,14,473,0,5411214,277159,5124245,9810
4/30/2025,588,6,582,0,5411802,277165,5124827,9810
5/1/2025,266,6,260,0,5412068,277171,5125087,9810
5/2/2025,225,7,218,0,5412293,277178,5125305,9810
5/3/2025,186,4,182,0,5412479,277182,5125487,9810
5/4/2025,142,6,136,0,5412621,277188,5125623,9810
